0.8716176923328247
0.3167550108625412
-0.8644613250070232
0.0014586391089361772
-0.4917651856671492
0.6333762045795901
0.8485176560862819
-0.47149074544003633
0.7886946483664088
0.5031304982149554
-0.9186483503496201
0.9981467320872532
0.6937425981019913
0.7643115611364166
0.25602616554840574
-0.26265526247238635
0.296257188445437
-0.19833903726291657
0.30893956089240615
-0.817135921228068
0.1695309914310268
0.9899909966617169
0.32026213699935346
0.4975293458237442
0.1399442374885731
0.9445566229594942
0.1302961596038732
-0.45471238600877784
0.19317443986424832
-0.055551335008552805
-0.9423553034762924
0.18604736304363345
-0.4049621786817439
0.35035874053014227
-0.3828006263974355
0.08762439322303273
0.10251240754981983
-0.6443565202941572
-0.5183400578144732
-0.4490502133601779
-0.4825554735879021
0.9896948433467943
0.8385028236843062
-0.7939778156565627
-0.2251049269379597
0.9352010785411
0.7650179726846007
0.8599160736999258
-0.7399664235006997
0.425960375018418
-0.722763421022778
-0.7355150627217724
0.11194192868124264
0.25948867257166053
-0.6957240765717294
-0.8797734800794166
-0.10035641300008469
0.7887398160613224
0.997830145788208
-0.7558943054617986
-0.7548750544769078
0.6498354865674607
-0.49276096064832453
0.5029585686404228
0.7200711684412737
-0.06222035576700513
0.6337701253311261
-0.14957072534911986
-0.34250976066387695
0.5597111765555449
0.6234526855372027
-0.3957806888357849
0.396352948111091
-0.42467461035212617
0.7660046553512432
0.9617574553821149
-0.08317074139065705
0.47667470747299334
0.4380977869019973
-0.3237737317529574
0.8256545536106026
0.5646354352000702
-0.23759213920304179
-0.19879102614088784
-0.7843868831156375
-0.15309352072808635
-0.850398072547941
0.46104974215077266
0.05007814246839981
0.21248425007095073
-0.3513843016035507
0.715346936377889
-0.5869981789292267
-0.9698646352004185
-0.7487212655177733
0.7598285162172798
-0.7832984404576764
0.7734672449105977
0.0805472994587888
-0.05781400028982775
-0.2257585932883741
-0.2072252259821752
-0.26269155122716303
-0.6297283003676124
-0.9798384144614081
0.9339198917675737
0.988922376193295
-0.7486078001851846
0.10276116413140657
0.3470779624721019
-0.5466287518200876
0.5252593436911601
-0.4269067890138869
0.5332636698850393
0.9660890491864125
0.8394873576350719
0.4602835342796858
-0.5558725414664121
0.9122468366172705
0.46535407589555344
0.14973839737295735
-0.7194088920913801
0.9654732424751671
0.3628710123926029
0.17025929033651632
0.5284693488653638
0.3946922085541207
0.27803642289853436
-0.25196429156002775
0.7243028859554208
-0.6160372031375603
-0.5085276067951516
-0.7000596396246683
-0.5377941785789375
0.6559101920557076
0.6364762921431011
-0.0844956521556739
-0.767391134241761
-0.9024614344998081
-0.1341556785458069
0.31640280284129796
-0.17364193856726495
-0.9420786787595057
0.5706529404836043
-0.21576552207371935
0.24270611664249375
-0.4795345513292122
0.8405126425203218
0.11183263286757716
0.30731243776029404
0.44815177529190153
0.9036363019691513
-0.23970358298117933
0.5364459396603782
-0.7416451579689922
-0.10360765085270063
-0.9066133613415781
-0.823838208062764
0.6045490259272586
-0.514158339650211
0.8128813201903446
-0.19969693805211786
-0.5745877847918834
-0.8949158410304576
0.5329409902696898
-0.6312449495929378
0.5675391076537173
-0.13992917839269103
0.8084858365519116
-0.7725413390975198
0.19618175694857887
-0.47213688920043073
-0.12795978785062556
0.17426737461645025
0.6791365119638553
-0.509848451446046
-0.16454666688191066
-0.5801895650493789
-0.3378999993317211
-0.06782784755984617
0.17735838299558337
0.04010295187250801
-0.35047966332134384
0.18598833829506023
0.9641837760215475
0.34772169342719206
0.5631722292499888
0.7084333426062124
0.4419861326723584
-0.4990563599920381
0.47138854095677973
-0.14216305465115142
-0.6116748280051778
0.6253224290163601
0.9650830513962996
0.3699884029226712
-0.07214510259057882
-0.26024438653490467
-0.4975968227814107
-0.7673853863676892
-0.6077407877376351
-0.1408253716019754
-0.547945841377784
0.5189822409614444
0.24461151128791525
0.7885662850691308
-0.46396120676944075
-0.3349406411204463
-0.9098070362261466
0.3281140841947028
-0.09423840603121669
-0.3389990432336485
-0.6397445255932583
-0.12317561874122429
0.18114671168575458
0.6765503094050367
-0.6178302583398021
0.7520818132292784
-0.5593748012047577
0.7512773428814943
0.23885142438859286
0.935155579155071
-0.6294523959565783
0.35440144840026444
0.07231135056993065
-0.5922430283406017
-0.4342174163677601
-0.14472355168563222
-0.6993705652576556
0.7623260616956213
0.3189650212599029
0.24444176405416673
0.5946043966337313
0.34880414848153274
-0.855939993668472
-0.19352687133554003
0.39978523460723703
-0.13677352627884276
0.7506120746564933
0.8696937781566998
-0.7084572167910226
0.9885473899064814
0.21825308463996929
-0.7558650871921682
0.5152933459245364
0.4656892759914333
-0.28325602574006536
0.5079635339817095
-0.3090605651212246
-0.19711644702272446
0.27502956252050215
-0.08607799593969312
-0.14995466312976924
0.7239511306512243
-0.17651103941212298
0.3611538799981351
0.7262192883515541
-0.5887528527838339
-0.9832337622159764
-0.38588289454016955
-0.46637427434154
0.6165735088385256
-0.8097299757093861
-0.2508858548932422
0.3455062222066534
0.7934399332238995
0.21163359655818903
0.6702978854684261
0.6240382550898749
-0.45336602648042
-0.04087009508206152
-0.5391618537402967
0.45481675389352394
0.9001367068610737
-0.3077605276044635
0.32126407337973384
0.6036945504139795
0.15200021065574743
0.6752719569375221
-0.10417627153197451
-0.3593280608664018
0.41488076145219366
-0.9268548585635046
-0.10096783535466658
0.06497831301333035
-0.6665004550910951
0.3591292103608934
-0.8715943262535439
0.6174418071497296
0.9253809185782151
-0.7424343964366475
0.18570974030699472
0.7806970773798061
0.008796802751935617
0.5902745866324426
0.5278746574600062
-0.155267410319482
-0.7380770506540555
0.3035675056642204
0.8300623658468975
0.854733953733924
-0.4002076795821603
0.42348398618992467
0.0671951764062686
-0.7398687886851216
-0.7392925891894679
0.720075995007091
0.20658544617199737
-0.8517874986554959
-0.23864696594016954
-0.5427344489214063
-0.04686578187272383
0.5726185060982238
-0.2900726696129654
-0.23699584744189495
0.5998931526783855
-0.3235136646642063
0.3591893883291031
0.8751670127425348
-0.289386031686206
-0.9380364731181112
-0.26360293742728746
0.8018166071685113
0.09723741005943132
-0.8277332538501971
-0.7953102956583809
0.7801741154509427
0.3541002810924183
0.3294124836285739
-0.6094542938874501
0.3268406079354156
-0.9280303898534776
-0.48979954400839354
-0.4454744073932204
0.6425120105817519
-0.2211601336683482
-0.0550165596509431
-0.31241265529717976
-0.3323637400310786
-0.3592435539780636
-0.811790057940825
-0.11715990340718885
0.1811628059354633
0.004758946937447606
0.43668038138875787
0.8626801731618381
0.9927391859695998
0.9773637704890439
0.5609090618330963
0.9338312137285889
0.4994112696097004
-0.5941649859289477
0.5669386559079121
0.09788803876142271
-0.3389124278313682
-0.1341798745408842
0.020406335721947277
-0.4374561942799382
-0.20526870853794743
-0.4422448067811451
0.3416141446752399
0.47875531225880175
-0.50455380951769
0.3757726393458769
0.8198085776351953
-0.6283182447805395
0.4633259808602501
0.8366728341459122
-0.3031707839986906
-0.5616905323113337
0.048140324008712376
-0.9571522116067321
0.7347368860526762
0.6522531274057184
0.9196330351717501
-0.5981243858545573
-0.6910126768068368
-0.5536976400390832
-0.5705886020432998
0.43682958491710444
-0.7418319413084373
0.635860923671179
-0.04889095254667852
0.6951769613310506
0.47326929545524465
0.20150328292278186
0.7687073772455011
0.5004676734849398
-0.4760861245264578
-0.43354812695136347
-0.07139586552703148
-0.9101560765287977
-0.5040767210736823
0.08485651056438859
0.8792202544056664
-0.45827229570028205
0.6540501357013859
0.5993355356494008
-0.3073597892019264
-0.17812681519541296
0.5456614542832314
-0.8686844751420413
0.19598298866509523
-0.7377032520664111
0.7256087435138141
0.035286655484749296
0.4359049308320273
-0.1635711817281189
-0.5905244676953014
0.2781662305783532
-0.44216146722470606
0.7051559269623806
-0.9481551085593882
0.8975429922379734
0.402273894376332
0.6822532520851301
-0.9018164571216674
0.14765238877526277
-0.09640634881172705
0.5040330435482543
0.9733917867607167
-0.6404891607975118
0.7226739869666332
-0.9131355430750188
0.7470210364312058
-0.8782849224935505
-0.5473305640176491
-0.6824525171708284
0.8546159092583829
0.03099163414494077
-0.7919004882134908
-0.6546481391328971
-0.24341193412224604
0.9666586813454359
-0.5594383735213802
0.830860275470825
-0.5195153658674643
0.6107408719309901
-0.5799053450402718
0.155583268171126
-0.38053432098709417
0.7655565146740735
-0.020576839513015033
0.2076410180943744
0.5492591043462938
0.9131732174110145
0.8390140155306065
-0.9673644278444959
0.37781372157793447
0.4162081183373876
0.11408073692018372
-0.6248346753028131
-0.5436748154504274
-0.22297492789310258
0.4503738925669949
-0.06473856601649808
-0.8427377048810833
-0.5475393954857675
0.6437991439180457
-0.9746458945514334
0.06447384604214235
-0.13621202834348933
0.5696072974919
0.237204643077902
0.7224100556732911
-0.5532930314503357
0.7801046404820791
-0.2854320265513566
-0.344054829084276
0.8537249467255568
0.2255340578749221
-0.3238232368766871
0.49924126527072543
0.7513735786897942
0.21098065402432353
0.9449691636171758
0.7615466244879197
0.047282255767907566
-0.0771399910303574
0.4133071088214142
-0.9902258286638277
0.8372094495406419
0.6417479609990682
-0.3897369426936217
-0.9378400817229888
-0.12029076670828687
0.1040165945246565
-0.1641208509036558
-0.8357463756408703
-0.0138102066861856
-0.6170580873332017
-0.3113677518525053
-0.9420527234568017
0.3566986173089348
0.1306536959626472
0.2361654266190485
0.3561998979693708
0.5968462311631153
0.05549939469960896
-0.43432453375735847
-0.29942906309301076
0.9188599953174446
-0.8949012749112617
-8.265514021403852E-4
-0.1943734527226455
0.8598363225876804
-0.01643234945622507
-0.12983619552667225
0.6837376070411469
0.7428384791736082
0.35209356262614144
-0.5678843927203907
0.0957397911602278
0.06156492931619417
0.3452477615568479
-0.7945728548175375
0.5873807393714294
0.9868916803381689
-0.11887748814921739
0.868414795346997
0.3484315539970484
-0.7263303008812441
-0.348414743438328
-0.3408175587602926
0.5707927779161992
0.988737080952182
-0.3503562712085604
-0.820940972023743
0.9838793528887197
-0.3138165607193095
-0.37587972869433983
0.4746172712876331
-0.18997959688708543
0.9234823506851837
0.9475361806799816
-0.6758832483579895
0.509564823139556
-0.6578144391232588
-0.9586903738404022
0.7655407255098865
-0.6251652351511963
-0.0705487736470185
-0.27692491414343756
0.07722637495076023
-0.7159761256791226
-0.46824438310031735
-0.3758663551243355
0.6584141327479953
-0.259410613182971
-0.7902825106539133
0.17074822954106872
-0.44412852192750174
-0.29935941738206373
0.6030406236434696
0.5311999486284895
0.7440739982324025
-0.36972138841584923
0.11715928533715303
-0.5987746214812271
0.6902546251042738
0.7367977372747667
-0.5517504390760075
0.5336570630600963
0.22196018429499653
0.38210815190310754
-0.2691534551741481
0.5137938597037479
-0.7364172590475244
-0.686303629644321
-0.5776130061427058
-0.5597704191857709
0.619661122183448
0.5378912882097808
0.9315738532976834
-0.10842790650568257
-0.3434242597287076
-0.587843661728197
-0.04746172699483919
0.842688477240138
0.47058916185041966
-0.15241723042432476
0.48435154445630935
-0.9601858084124157
-0.07098861505473053
0.3897113422738452
-0.4044806864096089
0.7520680982339014
0.8325982203669926
0.3852626318514365
-0.8643331562347301
-0.2123822769083059
0.3711187878103237
0.4443101434350796
0.801702889051013
-0.8040572228525749
0.030356135478800894
0.9718828098376073
0.23332856591556772
0.17334744567849136
0.15763313676978052
-0.330063311226517
-0.857165754079346
0.34707583652958096
0.5042846747157566
-0.3999107808466611
-0.12329303006244086
0.8340873291326454
-0.7626761665176185
-0.35053818699213246
0.26164849684498015
-0.7462473647714021
-0.8511206467458781
-0.9435690521569231
0.10518163482371046
0.2194332061039037
-0.9091909768898261
-0.9699611697344308
0.30110225599469964
-0.25788882342061137
-0.9767784211918675
-0.5637295596140015
-0.8673899230322522
-0.550060952029195
0.4894686049951045
-0.9736446326878399
0.07103210779549785
0.5607820127107341
0.8164955300696695
-0.2532944458110018
-0.8643710558933686
0.14052879829115783
0.888268387827843
-0.7029452788037782
-0.289947731072729
-0.6618498290655379
0.9513228383161505
-0.7071826734754834
0.603601445844042
-0.9908132829558673
0.5853078517066903
-0.8603620545097685
-0.8994962188067153
0.4225519548386336
-0.2922733110564093
0.04255550918574014
0.7580217974593666
-0.4087616381456318
-0.719095834251068
-0.5508397092526891
-0.2057314660152183
-0.8242815331216382
-0.7494613043329308
-0.3344263624409354
0.049191126842411004
-0.12046491510286428
-0.8309752402602821
-0.6139658280696343
0.7072594257615401
-0.2102210415939818
-0.056939731546319816
-0.5586722373522455
-0.7620241552247544
-0.789145753819233
-0.8061190952342587
0.1982507238114377
0.3404002165936473
0.19813613705651578
-0.17020821677328057
-0.2682504750380781
0.07046151279109991
0.21882767917868184
-0.39550478773360376
-0.8566668845244005
0.7849067835163448
0.1505259860864525
0.6710411999003787
0.21380735608205437
-0.9466848987208181
0.17371113104786295
0.4400550445136959
0.9553336700260533
-0.7303168331695653
-0.9774252528765444
0.41222560069647507
0.5672678130145568
0.33766728625734777
0.529306960086374
0.07886458204085933
0.8021874092817991
-0.4913564024405386
0.4301655762210208
0.47067689297113313
-0.18703037584751803
0.21932810961517202
-0.0026474704552930106
0.48370806257148335
-0.8212653194878596
-0.3942253756469434
-0.7810730266677768
0.7227656104389435
0.996922645675012
0.2631480833830193
0.9696871615888387
0.27643668364947516
-0.3192749471342802
-0.2242516934697547
0.8991560762428836
-0.42584577906470944
0.4155452161696953
0.5593370346495443
-0.391490311801568
-0.7254084505887926
-0.8948846061419031
-0.3620999299885401
0.09648875516478972
0.9959927868196048
-0.9226492774969888
-0.8804462299389779
0.4250394180945778
0.6228754666244549
-0.17802599934883223
-0.658616778986822
-0.911370326464634
0.909869652758934
0.5963977438917794
-0.07942136699248392
0.6668931078234783
-0.8477145511050623
0.863304098819796
-0.7206873139261869
-0.0015460915023188804
-0.1956704847437305
0.21281487032304547
0.603381689702579
0.3344897577126662
-0.9002806548873654
0.6740985982401169
-0.35028956477923123
0.7137935201246046
0.9657712953432827
0.13571344468787272
-0.6646014572443091
0.14679672979699343
0.8208682275212746
0.9709387184403029
-0.3789346792399413
-0.8957788155983519
0.2065383923193218
0.9038004125614383
0.8438271193917328
0.27672899352982316
0.6292076425587882
-0.34655074778323147
0.36031974379492104
0.6051430422359163
-0.5269861855378646
0.9590037988379638
0.12775723920160886
-0.8234858231872058
0.393899940997408
-0.786077501288688
0.6810951507979286
0.7395140566974432
-0.7834671012973786
-0.8715763640971874
0.8569456380260612
0.3133358391071983
0.029419970967337505
-0.40957602252111736
0.5699697409185018
0.6474877476382759
0.9099255638461008
-0.7900796291880392
-0.03495083817237732
-0.8644320429152741
0.5097174977820915
0.9086918802356623
0.3486202820422002
0.19431277633170896
-0.40749875853390627
0.35665329303911464
0.44512831541443254
-0.9100879885995021
-0.46027236422837703
0.05814290988115367
-0.2703593436755256
-0.27321036491496664
0.8262885333612247
-0.5441177231406169
0.8552339245743414
0.009750812435551204
0.5170427305471459
-0.45270274675449107
-0.47615041544178016
0.04859885648574869
0.9463423075675577
0.19734393451713794
0.5418892305934868
0.6950298426440882
-0.08344202471842577
-0.41606506517556263
-0.743099656187088
0.6848141909497041
-0.012069375456303266
0.0265161746015512
0.08928013101427656
0.0039798808236235494
0.7309027540168445
0.8252959552262176
0.45300449557098754
-0.9940874900421777
-0.8265858987871741
0.6780823958878932
-0.9980342783058098
-0.723007226271889
0.09947102376216632
-0.25636280824994695
-0.1564175164972661
-0.7184063994721923
-0.6583697912128508
0.4849087001204655
-0.871078071473856
-0.5870369078379416
-0.2411372865066883
-0.9475421163249895
-0.7413464795632936
-0.7652780489657971
-0.797405171063154
-0.842153707231585
0.8367307862131774
0.41840802871403193
0.44754857264846915
0.13870678398690517
-0.5412228680713842
0.16570278495236046
0.8003337877464165
0.23167133764321224
-0.5602723988847533
-0.25032183004056785
-0.10242855439142162
0.9462833514653393
-0.3346408812875914
-0.7823942609592789
0.06665658771240501
0.8724753433798669
-0.10508160835189417
0.26857175361068286
0.5460959130193537
-0.7438549037172206
-0.9528658882786052
0.8523475633684479
0.8486854297544091
-0.7581820844630032
0.2694809608391566
-0.8683357463168309
-0.4003807384582545
-0.19166596581683426
0.9206374372596551
-0.8917527155937028
-0.7070488654542517
0.11295496721898202
0.9886608173285063
-0.566333037862488
0.5836559464054691
0.21123461571168023
0.922478719331326
0.7092657599307408
-0.03113075114919961
-0.06554549490261996
-0.6281245366671075
0.9251257395142656
0.010708314637257077
-0.9166243763728339
0.9112299218068332
-0.4037578122092964
-0.38559144287701574
-0.9634874378058049
-0.5351609443777432
0.6247736179227799
-0.7006641423534141
0.3730883006607002
0.856739825299996
-0.04955950433526368
0.8867641962656323
-0.8247180543528589
-0.3244798019325972
0.6468488312316703
0.5771355971277667
0.3013337520947781
-0.5253119264312489
-0.7202824668919443
-0.9991516164287249
-0.8894739123025708
-0.7782548748717351
-0.9363085359156826
-0.4995536949051771
-0.12698863621403733
0.8641907098076045
-0.36237402188389223
0.6384111792589975
-0.5880892871762997
0.8982589305330904
0.12393063731354581
0.723588402048821
0.4020617718437838
0.9062702929410875
-0.45423571816455954
-0.9893969729733127
0.18924541554754115
0.17105735383780485
0.6465753468730995
0.15045302385562764
-0.004324456556550116
-0.3189977092310998
-0.31031392808977554
-0.5432069711425591
-0.05801164642747736
-0.8931985338085215
-0.08867934965735791
0.6012519374209768
-0.5570784926834889
0.6611513616126581
-0.04131817016647621
0.4624537885261142
0.22332580805548963
0.14512793190993256
0.8653828098622229
0.02724103578160797
0.4531059679028422
-0.05989121081873927
-0.10025502033040756
-0.5210732944605276
-0.6858604972523399
-0.7783326489038187
0.9671745938146159
-0.09376981951587982
-0.3108237202279158
-0.7480554816079852
-0.8439649305941486
-0.5721205668755576
0.6021742831704475
0.24958295757839566
-0.5128655197780769
-0.04830866789123722
0.5414805080362393
-0.9586140341646343
0.9601507336437851
0.2732681153992198
-0.13828174219798028
-0.5325576288808254
0.5860211280876206
-0.23172162244026184
-0.9128036019581884
0.3415357860216741
0.2525242099165763
0.5436172647311435
0.1291082557592531
0.661235050695848
-0.009013244657683606
0.5865699244269829
-0.8192585156286836
0.7171418250803301
0.49525106591819745
0.18742931327080403
-0.6306269245198766
0.7683473580440472
-0.4102592550790922
0.7098487541630683
0.12047730912281551
0.031230951311322697
-0.24833343279492603
0.6445366251604947
0.6293266785366123
-0.1286914511834758
0.7631171027282495
0.8057296067115323
0.8370200712356168
0.29291991975375575
-0.8980182682925781
0.516208405737822
0.8724243842284627
0.08911946643900581
-0.22364268746155913
-0.3245517418266064
-0.9515298447098461
0.34421521349116313
0.965291558593824
-0.2831751080987692
-0.8093061236388479
0.37397697289299514
-0.9505782205488384
-0.36637591431120287
0.327873114869925
0.6436149741546335
-0.60173249074933
-0.5100683079080597
-0.4109456688218436
0.7212061150247326
0.6266420178977807
-0.868691023187588
0.528224782430925
-0.09567508035988626
0.9408475772862095
0.1714861087160766
0.03733546294971446
-0.19978683508164807
0.6660260754660878
0.7551346434490833
-0.4896675599834801
-0.15509880241187313
-0.9207645856267612
-0.9168913458117915
-0.014690665747832954
0.5142712796127038
0.2685299296816581
-0.764628817272802
0.6188454231177691
0.810132236555049
-0.1034781660609958
-0.5618481234578665
-0.9639525722053424
0.49695196340336945
0.4676070956949636
0.5957092876029708
