0.5304544202168677
0.001895807173518671
-0.9681474267825041
-0.7737326743357662
-0.4470169914335651
0.9672294964689643
0.5923132755531262
-0.39559931417690475
0.3595036594582568
-0.25114984412734853
-0.42103082744699294
0.9978308872327069
-0.6668869069650256
0.6014287814338823
0.850597488850162
-0.15990171604434877
0.49402272012128035
0.014783609184742863
0.9762980385085911
0.08640404518882105
-0.18099798384500998
-0.5947641265939154
-0.9263931911092695
0.16073475345975474
-0.296720098846762
-0.542565623630348
0.1460311098889966
0.8628123494023534
-0.6425548139759834
-0.7602431455951428
0.0025879329526516948
-0.687920694307053
-0.09740834654001884
0.140224037011353
0.8438782212521247
-0.788993880876512
0.46015456107814745
0.656190651852077
0.16368447957611076
0.9775873952449139
-0.3714100388839856
-0.8800942268352752
0.7420313512691568
0.6269697624030024
-0.6027489011377016
-0.4466373641935679
0.1951025426072026
-0.3252656999217076
-0.23148200365538263
-0.9803134065056918
0.7993598022434565
-0.21056708537328328
0.14244191698868636
-0.9253618148625287
0.12166396220177211
-0.5604428792135987
-0.1361332890998137
-0.7793646363976303
0.3641496681870906
-0.6398041395753
-0.7598055398880079
0.6270286217073988
-0.7279400264408953
-0.6927834208310795
-0.19133523428531585
-0.19581046292220594
-0.04530056361404666
0.2718817404686362
0.6652201232118584
0.4053019786837557
-0.965882873254772
0.0963925965791621
0.2627340889113714
0.878573310433983
0.16308491593956842
0.2609277839004225
0.24458014655183802
0.3039111659636764
-0.856611101665395
-0.4946751614711389
-0.3997758355977217
0.42193891927554694
-0.372594736299259
-0.09637132114698654
-0.2872742293305546
0.5995519839317027
0.7003847243171999
-0.9726885539550894
-0.2862635976005645
0.2750444396118952
-0.482176833009311
-0.08695611032708728
0.969786018109388
0.28716374224693597
-0.3882508551571948
0.6934784664673099
-0.5056471883565821
0.4162801543842227
0.481711445253143
-0.04541816040977742
-0.3865856995069097
-0.5478156164614525
0.6507040270459863
0.15063181837476547
-0.6921204054776837
0.15185602956013233
0.4932183700638235
-0.2619265918044089
-0.6854921714158055
0.5618732710367815
0.8320654687387639
-0.9179947877019574
0.2876195421579839
-0.6460374762248384
0.5525648448272951
-0.3558530080822888
-0.8928890207603319
0.05851382314053111
-0.7028511888496067
0.4787158768086708
0.7639852662429887
-0.6202817853513902
-0.3196148077653589
0.6427181878083188
0.16281628398181724
0.1373084535940443
-0.5961263533765833
0.7697409304978116
0.6512655204785462
-0.19628459222950823
-0.8475755327034558
-0.2385942025146175
-0.8800256430063929
-0.9082216569994466
-0.7826184211069012
-0.6817735568520105
-0.8881425618415923
-0.4030228928211179
0.419904803984432
-0.1383125649411514
-0.4619734088146372
-0.8905191569279136
-0.9035207671929728
0.2919424885484927
-0.6817228973382496
-0.1148622498791445
-0.3391268380486874
0.9806066594070522
-0.4527281343705516
0.9008564880002912
-0.42878125042865123
0.4156957405188202
0.6332611730919191
-0.08134012207776631
0.40784284725450926
0.9958445122968056
0.26438066087732004
-0.9559815409489807
-0.793071243881257
0.6135128400851817
-0.9717288675421243
0.3878995778930179
0.1970419335111353
-0.12803227455801647
0.043968496007802615
0.4282971473197452
0.6500078211671827
0.04840666651971115
-0.9392856739521598
0.7158330022041637
-0.31541995156231106
0.24566634388316388
0.13654168158963942
0.679351721977421
-0.4492066581388974
-0.43246163234163193
-0.769807491974204
-0.5387436632734137
-0.8251530348710032
-0.3922071947342747
-0.17687250387774434
-0.05133806991087653
-0.4411823201510716
0.060586850073516496
-0.9659084278379795
-0.5347276546680824
0.006455133580133943
-0.15998437526968523
-0.4030986221935673
-0.04978791996142107
-0.9142349877707698
-0.260860625721302
0.5428246003386268
-0.12612480790635483
0.7410385934287509
0.36389953127799113
-0.5378761498435531
0.6271799131002838
0.031440671515968965
0.844914791628814
-0.18495927245045385
-0.3305536162339049
0.6002206567411794
-0.3397748691818525
-0.07930053961902117
-0.6685570142554473
-0.8319346477296674
0.7946323379363358
-0.02688793865593797
-0.15602540703766477
-0.9039365574303255
0.4163601056742965
-0.2833298638800328
-0.10128519471877673
-0.621792268212189
-0.7306613023415052
0.25921191439254954
-0.15318861515540805
-0.6996891376573777
0.05949468302911143
0.908955880214642
-0.49787658406684887
0.44166652648234006
-0.7439948341087004
-0.10770414203337064
0.4397756822540624
0.6977385401464253
0.9335543208569619
0.34265480676655846
-0.3329551283396812
-0.43338415571945
0.549208083961332
0.04629895932051942
-0.40758060557492826
0.06892228186205385
0.8776007195987707
-0.9107845767382932
0.3300039500989873
0.3603252569992963
0.7207047781825218
-0.23013885710052961
0.550266552472134
-0.6522617059070872
-0.5364643868552947
-0.07420679328099755
0.3244551250820007
-0.565232038718809
-0.935282612192694
0.16789348701910156
-0.2911613102807469
-0.1010930692402141
-0.3490818953471726
-0.5758952488317413
0.1762553623431251
0.3424287947880231
-0.4732627859292722
-0.33470235073873744
0.42627885476350613
-0.8391064591714619
-0.8832909082016194
-0.28090910633297805
-0.40835772258782077
-0.9623746876859907
-0.8763376511140917
-0.32684863365930905
-0.5926133473844644
0.09947761390104803
0.017754813580538986
-0.47229773992586277
0.5205294736235773
-0.44134629658007585
0.8630802167116485
0.47767211737996185
0.7918770147333818
0.41730369282692625
0.4438222437174346
0.48811942755096993
-0.8220682203188303
-0.8739274374650419
0.6695089057376822
-0.3277283271704192
-0.4203248620042366
0.9647262782466128
-0.6810012647146875
-0.6102800619859008
0.9063328454519441
0.3524369934819296
0.32540828115840714
-0.046986098907220386
0.5260598314952394
-0.7027391021776159
-0.9907317010940742
-0.6358950295419896
0.26180774092565784
0.7587951205995389
0.9347745629655191
-0.40221160882090756
-0.8605315884480613
0.8249544442363737
0.3940772618647286
-0.3925018105063307
-0.7932872065044512
0.2932599503532922
-0.08286970019646889
-0.5504875130363087
-0.08522528672396468
0.4989867609970453
-0.34029829463486383
-0.295171032926103
0.7917553233983581
0.04696905794013562
-0.960277785675453
0.7236740976614608
-0.5651463279959583
0.4808162374065106
0.5722291143770302
-0.8741871625218678
0.21025588499784176
-0.1372558065877656
-0.5042602990475415
0.46052783538930986
0.47324426645451534
-0.26081817613619673
0.48796668198825777
0.9633415464402768
-0.3925847285813493
-0.9682363158437035
0.5363663769871283
-0.057743200277786455
-0.26927624461239197
0.020274035141413682
0.8590890156416875
-0.515505116060045
-0.472601035279439
0.7735603093991561
0.6644769762204121
-0.10458691834287226
0.3386054913523764
-0.8636126918932943
-0.507662387339229
-0.43551248909292917
0.3810513934280686
-0.30534371322035847
0.897792298918964
0.7989486959426602
0.761572721765637
-0.9816335247593833
0.31858445011481296
0.5738624478193537
-0.18294727569119473
-0.07885077615082503
0.10930479046773955
-0.8818500901194901
0.23286142086550643
0.477159437303202
0.9310724885605763
-0.21075543044677603
0.3793303266983785
0.10055985497726372
0.9527870303954729
0.7847877355390063
-0.645396316385098
-0.8802109799841602
0.6501453006009767
0.8979656403572227
0.33353774057321806
-0.03174421094664037
-0.6188043406274488
-0.25620383232323274
0.9961453360457497
-0.6349437975822112
0.3722786088963297
-0.3331255729765705
-0.9545863408019388
-0.32623738999811125
-0.7342165419637579
-0.11320824611932712
-0.8768508111889535
0.00428715042394745
-0.03877418954154743
-0.6543565013680814
0.7938329677881184
-0.43772494951535146
0.12373182211163325
-0.8072538164756955
-0.3097026648842156
-0.7475631756132035
-0.5609093258055609
0.87488590821697
-0.5986370102375209
0.6066809368130401
0.462116481793688
-0.6038752183035325
0.2304042029159481
-0.2651383015024993
0.7351389160013797
-0.5306063521478488
0.5651368777206756
0.18541072975246364
-0.25398175207721363
-0.9971964963232192
-0.727246431158507
0.35507345185831807
-0.7498383553362538
-0.3531890020028239
-0.729143012205425
0.4014239734333527
0.4985921842621108
-0.025923741874492423
-0.7765285327500628
0.48878710783444834
0.9942032918255501
-0.7279455013091138
0.17274078545513016
0.6376467436498778
0.5409072417289909
0.8990661827447326
0.840747888942089
0.44957540701166465
-0.44453409829809853
-0.31220684482842054
-0.6777787577423542
0.5441711842433763
-0.12063127429155474
-0.02414770175329317
-0.06228054373371794
0.6714419515947017
-0.3417970548549558
-0.49870012464786795
0.12821509116895946
0.15253058210160697
-0.7514635779374244
-0.37837544656114375
-0.5541740457585196
0.5536262327760919
0.5674149360608451
0.09798830307410644
0.9317705870358057
0.3123621572556541
-0.18284941094872353
-0.9678201653493095
0.4714527405128499
0.4129519911256583
-0.9018410133893109
-0.5480539703328746
0.07790779711105755
-0.8542302777954418
0.0651786556790821
-0.48892868843782766
0.4786719584736454
0.48903275168724925
0.48728566697952824
-0.6962219949890012
0.8674637983540112
0.7146993853272925
0.33969466977083695
-0.1112767692772112
-0.769105110708608
-0.5523543588937789
-0.11458569223276571
-0.7239285862510514
-0.7282446555145887
0.5966401991924262
0.09740461941307399
-0.1481754728013145
-0.375752213973076
-0.672412895043168
-0.2730389206405177
-0.003204445272647183
-0.20712893341100158
-0.43603726509000107
-0.6583707610698861
-0.49668700689192535
-0.9545160124797409
0.37632227334298807
0.7360303455853814
-0.19905134013739034
-0.6475935294051496
-0.9377922335419928
0.26155800417705555
-0.02673726726765313
-0.6127553894716151
-0.28025904780842925
0.8259835515122744
0.08076422193506283
-0.40854645788344013
0.6826374053780959
-0.4184146230242922
0.40098755193392877
0.3534803942715188
0.3113325098524278
0.650496723830212
0.8547893784581999
0.46465787925081337
0.3243618085460125
0.6285431673884023
-0.8913273311583887
-0.8121528998189544
-0.89390776590709
-0.9360796480618006
0.626148144640484
0.5111557151543771
0.24135336727774415
0.6246405355917395
-0.7131528895876726
0.4578872049184699
-0.09552852619548746
0.24875307091143317
-0.89969877697584
-0.3147968897428781
0.6696612173548278
-0.7860751089024045
0.01200961396377731
0.027810095743488583
0.8116846024455038
0.7680422141070462
-0.16738420623398897
-0.8706896833239715
-0.7698617982528255
0.7300752259846026
-0.0832797954282134
-0.14731671721689588
0.7576843277755596
-0.6994762556276539
0.3760573856734304
0.7726933413690604
0.8019933491343167
-0.7866585471881802
-0.667529866683658
0.7268476866460731
0.02311920447014426
0.3163137226422361
-6.842134518469933E-4
0.13785545727410753
-0.9375181937116785
-0.3155584031978145
-0.7743573100030998
0.6193684877544854
0.21658429302537652
-0.5490355959649149
-0.45432113381080796
0.23811106150091788
-0.6119549360981367
-0.31677058541032554
-0.2531227376234717
0.7293350279704469
-0.351521044348428
0.8356966881000651
0.5029651828225563
0.9488644361061247
-0.6877860943369836
-0.4200550105276746
-0.28585074011640144
-0.10617831697666769
0.5467831945021906
-0.8583780313782634
0.8548291718034913
0.735455944629736
-0.7644135417757352
0.6668611883894431
0.84987828873176
0.4813223469493948
-0.9399345350460551
-0.40423413040587763
-0.21624942287964033
0.12038805601042246
0.5831940251870307
0.5381375917919902
-0.9076225800956765
-0.5965289122008695
-0.5069653939188288
-0.2732938769914923
-0.20397877580866997
0.7727436545521642
-0.8954329321519445
-0.2343046074279178
-0.19804485279775608
0.37786160092302157
0.7199481504879648
-0.9023627908223446
-0.6609587435810151
0.6026094298909423
-0.4881861182815128
0.3789249497264022
0.18198402419124582
0.07477734853880391
-0.7788105678762296
-0.21532579104422767
-0.5187627961628798
-0.25668341788337834
0.1510245550794238
-0.8439608200049333
0.7352468768926979
-0.7193541685452498
-0.31167369441111625
0.8582085332803981
0.7249152133089034
0.8043112336673568
0.9023124158580575
-0.7651153033318217
0.07587429793172396
0.711028717739336
0.6429638210497559
0.6251278154827793
0.522360542011959
-0.722532456889114
0.0038059256172053857
0.05102356587720869
-0.08281486144897965
-0.3940393963404687
-0.9852967936654409
0.8897126764963821
0.5654974930357402
0.47965542069173117
-0.005096936970409471
0.1108979918948021
-0.4442567577321317
-0.2595509295487606
0.12351987285793009
-0.008977455898017794
-0.580579388295311
-0.08562414434017551
-0.5258988890738197
-0.39210921314102176
-0.3280580869346046
-0.017051798703487497
0.011872990660453553
-0.1254165699459231
0.5701110383304846
0.4352757403584213
-0.1332860958088926
0.38909335530004463
-0.2325702059707515
-0.9653816438184772
-0.42814129153813796
0.9561898313258983
0.4566497747800351
0.09435572262746184
0.8977893482843475
-0.7194053401662015
0.05968963441957076
0.4821844733180418
0.41272008555416306
-0.9643664449903553
-0.4417598040594142
-0.9423177586566585
0.9655398766122942
-0.7208970568971824
-0.845916811044227
0.7972055606919588
0.9140259455441171
-0.9818285308035672
0.10635315789285116
0.4714174107617033
-0.8894023120480772
-0.38228705782748107
-0.6863259299693056
-0.5854322194679591
-0.5901690709902669
0.7015455605178813
0.4923063037166415
0.6609786684434349
-0.2235920463106733
0.2136313688415854
-0.3528580394555789
0.5230138051636262
-0.05087016575127823
0.38636657051692214
0.9405906356178295
0.5461406752387474
0.05607223840967168
0.5056725427072519
0.03509951633603592
0.7005207129300024
0.5779181804568567
0.5676750236634285
-0.4817435539605506
0.654892350684996
-0.37904558537148336
-0.8106627366305659
-0.8848743509743704
-0.9726612698828658
0.5881717695898054
0.4654910234903853
0.05067157213764184
0.6188608915431892
0.02636198575380133
-0.14271284865909895
0.1458266225529774
0.8095042945585456
-0.32094226741065746
0.6521661677301915
0.013964051384077525
0.5331162677764569
0.5896148745510317
0.05302693309986428
-0.9297614500829183
0.5456384802573191
0.4756894338961535
-0.4656505195325369
0.9744618595535124
0.06316749235245744
0.5358147551137367
-0.2543927276187834
-0.40111747031211187
0.2698446312310516
0.35073791364524
-0.052619779550392876
0.6454423900033914
-0.31803585572816906
-0.39337332731266006
-0.26683930235140485
0.6327863217187637
-0.09648314513566714
0.9942122861696141
0.619919895705209
0.13150365514957651
0.9197151117569407
-0.17261386634334963
0.983082825512154
-0.15321627287476436
0.7488720755851792
0.6767213718769451
-0.23336396931288106
0.43087045019040504
-0.9906626057469292
-0.37215618762352976
0.41667186216789465
-0.24659491977973969
-0.2429813746466709
0.651529651677097
0.5667502992123441
0.7659473556750265
-0.18965299531787183
0.011860476010230547
-0.8539617303009495
-0.9323288351390635
0.7033728647827822
-0.3592807005154228
0.7862633160958883
-0.18756870257242353
-0.6059949062769145
0.9713645273758997
-0.32890204815559043
0.6931027261005471
0.9032374819387392
0.8507713968750019
-0.6983314333598007
-0.6027036400129901
-0.8274688263535641
0.8398847222605892
-0.9555397350712187
0.1492582919322012
0.6003531563464186
0.46287836854165443
0.7829684076272934
0.7359629015218909
-0.044803660040523496
-0.2190290470585794
-0.48797532950351186
0.7611130869655673
0.6612364156880457
-0.9566993020722394
0.29380406763225464
-0.22103587168403838
0.8141088601280164
-0.8931854930153325
0.6370975588605099
0.4305909630614255
0.7081160432777402
-0.18092014262756817
0.06651247599705168
0.7384216552431482
-0.8574951958860972
0.6223818702524695
-0.5841579084673219
-0.6894376179147272
0.3232807296801481
0.2644200502099001
-0.790077570571347
-0.6353561787245705
0.7883555942556439
0.6903729318461687
-0.6081261714560677
0.2016204801128334
0.4576503414637061
-0.056948272659882226
-0.3922976853872244
0.04315806292481361
-0.3538937927860304
0.2123175258051151
0.2778137518236541
-0.008051826257094996
0.6763832769369666
0.05188892436738346
-0.23492770186139822
-0.7175094664824417
0.5893547581201908
0.22112165902830982
0.09161259803650323
0.9605885613678122
0.37433244577164215
0.6112928006797815
0.8616933064339265
0.6630053291843281
0.12728801921306832
-0.7196230718959411
0.3154576203074517
-0.735569030890715
0.5941624764712512
-0.2527454558468174
-0.23145508275547488
0.8171157197028769
-0.332316471403753
-0.6142553317698984
-0.914924978318812
0.42922541581067697
-0.42005959453303987
0.010809411904985522
0.2866055135373282
0.5111800281990155
0.7692918728264839
-0.4362719164103548
-0.08275961325935732
0.16493812991540757
-0.3009873246830801
-0.8200051229337457
0.3651461508089393
-0.6006055464656777
0.2664114827959452
0.8631444835110589
-0.016690226914479744
-0.6742401951622299
-0.13501934891278888
-0.510334945671221
-0.4425483474081444
-0.480004326898549
-0.35153191879383683
0.9346101436197574
0.43658347617120596
0.33508043265004805
0.09458722907095485
-0.2655257002700877
-0.5282193019356902
-0.8959148526735317
-0.42258835736242983
0.8933506762692487
-0.1986842598434606
0.8957417321398324
-0.6686728507449464
-0.8096580064810661
0.4753778056084894
0.7673884553373898
0.9257431982272966
-0.33935141990630924
-0.0688179442682062
-0.6941189740373628
0.16859357078996062
0.7997115654805689
0.40934946796136695
0.6552613893832537
0.21798400323244072
-0.5207586254904291
0.5450171834649029
0.20067789586809415
0.6051729705289768
-0.43408436255103533
-0.4277830893307788
-0.38874432447309615
-0.14160031738643797
0.7979824509448481
0.8476363035964958
0.04031703859114999
-0.5340985247645618
0.6019603870912293
0.7299586086586014
-0.06044316204263578
0.027791530188898683
-0.7789233093824912
-0.7564487165676337
0.16447929213647616
0.6202945832161637
-0.22095879859106216
-0.5896459359406727
-0.1683933278863754
-0.36783187216297697
-0.2827955739454926
0.6513953424324526
-0.26632653471402645
-0.3680367183286011
0.42010250051928866
0.23944190558647604
0.027222382029723047
0.1861087301415374
-0.21615502339082227
-0.5731319385585323
-0.6222784787971332
0.9716284410138194
-0.016246572364713163
-0.4220948611797035
-0.21947394591299996
-0.9863678080968636
-0.23788673933771864
0.4020134648172897
0.8717097032587875
0.426546775568891
-0.8161466860132405
-0.7848050165355731
-0.29900453539903427
0.6493826603952151
0.9974215045263226
-0.9513565949756795
0.6597176026143787
-0.16083994180594186
0.49007785464235765
0.3792072445084511
-0.46005018107714823
-0.17705423491513028
-0.9587213284302165
0.27371914236069017
-0.453361424756318
-0.19221928568372015
-0.5452201407291313
-0.18067771915386532
-0.5072174927319486
-0.0908934882056931
-0.41046014490167226
-0.1454963674914176
-0.6215969540031545
0.48212591505906177
0.811455647912442
0.22062211594402892
0.08725347657372229
-0.7731372220627184
-0.6475812199497284
-0.9787037328128574
0.030917824269351746
-0.9134872265821363
-0.2098686120682718
-0.2929033369173877
0.22815340790588734
0.07000557110209793
0.5515752249096906
-0.8044363614203098
0.5280337884361661
-0.6964726556996856
-0.40502001971246204
-0.30834826940384996
-0.5313470009271244
-0.14792045471556348
0.23959013636543403
0.39127799830889365
0.6088541546481745
0.15097965986108464
0.4894825081689551
0.8307313011740813
-0.9213512775984194
0.24853581621005882
0.13714097827631333
-0.7127235399090173
-0.435303582693789
0.4849573668373983
0.4344457353010234
-0.6586334430649798
0.9804184318391813
0.7188895120682028
-0.816810016837392
-0.5215469212213433
-0.33398031492828006
-0.23820957916754493
-0.2758113016055357
0.4384641592373424
0.12189918771460251
-0.7083050793404135
-0.5065028227680968
0.913596303580799
-3.691873462579043E-4
0.19173971717712313
0.56621096882731
0.15014629964092174
0.3578994067236594
-0.004849524435258212
0.9227714581070072
0.027684817337166878
-0.9635190520768584
-0.08277843802578655
-0.9503456385657907
-0.7310450137194859
0.4095580780011916
0.8161458611913033
-0.07422823982325855
0.5764534400723005
0.7503655816693737
-0.6516192711547524
-0.552128485142523
-0.30326690303349446
0.9723637339894204
0.5705644478814575
0.9126707969758037
-0.31895766777576284
-0.3921596098970308
-0.7111749072312081
-0.6995866551469356
-0.05900523241834543
0.5430454848321578
-0.43234724420711323
0.7939942648806877
0.09054169731291961
0.24966555508767874
-0.01566676947539669
0.21974767741843193
-0.979402695637162
0.03564831326578077
-0.5487300647830056
-0.08955261341974885
0.17024434027537172
0.18409047967642667
0.7273488881034944
-0.13197781927741237
0.538527680374749
0.757105817905114
0.10082963260000533
-0.9570579786653817
-0.3765811078198613
