0.02144162118399673
-0.1017944055052793
-0.9827141074071459
0.5398943387607953
-0.7485202032142757
0.1645078634675654
-0.9606016228476937
0.25211817118998203
-0.11625261685558574
-0.6271859805079765
0.7524067599061881
0.6210287659689302
-0.48745833378535486
-0.8111891315575683
0.8320958651345662
-0.798512700304935
-0.4525254255149995
0.6349806335676265
-0.17436312673581034
0.023330181540388795
0.4062857776576472
-0.6878095776204918
-0.9370624353648649
0.7149447765212957
-0.7807914414237078
-0.09047752332001746
0.7287458308756092
-0.9657432467192946
0.2851835822471165
0.3896126247660232
-0.8350963997408036
-0.24993901403881824
-0.8059549904450611
-0.011281447816763768
0.42722580921140363
0.09983173334999185
-0.734870673224169
0.48519207025781563
0.1390581593575404
-0.10415018630452288
-0.24841204893603708
-0.933017244998319
0.7636445518830479
0.7596888031490985
-0.878989350393877
-0.43174620477199666
0.5600140734053536
-0.06419535205297144
-0.35320375807155124
0.8471433165320568
-0.3078252668385919
-0.33182340534931676
-0.4689655129185737
0.6411582809758523
0.22898021756204234
-0.780349868529177
-0.17150844023961986
0.363641006085448
0.10211277134428443
-0.7281640811999694
-0.44738015985806623
0.9942011163829618
0.4822048222466493
-0.3358777400427868
-0.4816603703652609
0.46795905138685323
-0.5118007790430092
-0.7864391153224268
-0.28732922376165826
0.7829010164170302
0.6626262184909137
0.7030894894805264
0.2831177935340694
0.42159682422908795
0.22555368488362615
-0.9662422470276479
0.5950418867976606
0.6229874267412836
0.7625447516544617
0.007326629006172425
0.23308127865122463
0.5418997620607724
0.70703627110528
-0.7611872180358286
0.30800812992243043
0.39840124691705703
0.7451273107583725
-0.7057447316267833
0.9792402916720278
-0.653941191598552
0.10084843083469619
0.30718244762768343
-0.28544745482397227
-0.022379546199419398
-0.44744287976315844
-0.9520380633797463
0.48236117629607467
0.13859069547416003
-0.013814603561267846
-0.29658170556603625
0.8082837552342363
-0.9663762447098985
-0.6913577171777323
0.46980739834483654
-0.5734966412139482
0.48761263507061114
0.6247530708393016
-0.5295614383335676
0.11779571307564418
-0.3371959886790872
0.7236941259392393
-0.5200608080648714
-0.750094994120581
0.5352230539636125
0.12596160168529713
-0.5296402790048098
-0.47771760074741043
-0.001855283822803644
0.2094889446308743
0.09001987859088434
0.46602993941669246
0.5873016567598723
-0.7363919401474941
-0.15580018319311395
-0.6387801465905922
-0.4880284378596913
-0.28787498704314696
0.9674838659316383
0.4075880912702454
0.9280405568159773
-0.798138784476762
0.7607665513190902
-0.7790717107068159
-0.7964085006260893
0.7705878459389928
-0.4883652464314272
0.026341968422060047
-0.6954801971859126
-0.11163983914957609
0.025042259296026215
0.28082630489473703
0.3671324594549781
0.8088357777087982
0.261896228350716
-0.11848788787108022
0.026638847905109175
-0.6277599146177124
-0.38362127070419616
-0.39780983951754445
0.13489518887561758
0.16921870382238136
0.9585286801793547
-0.050406679331099324
-0.8722826066760054
0.8048969383511904
0.7268137927485814
-0.7577696403158689
0.4915307622560816
0.8950420682983526
0.07612404456067723
0.38839451529952496
0.5310773471000221
0.3813042392992676
-0.6301773771053596
-0.4237017171380104
-0.045644495284037134
0.7700892264661363
0.15019183255207236
0.8881151365085218
0.6679189572376834
-0.0203062139543837
-0.8701836943682633
0.711034884418648
-0.3848837774082894
0.62291401086057
-0.2828521441057048
0.7422697133911818
-0.5081965886660078
0.7574132681479129
0.1226994173066478
0.37127451620358465
-0.261481768093327
-0.5962835326625282
-0.8119805426488789
0.271273835961956
0.33505408283932936
0.4607733246247636
-0.2621995619010149
-0.8564838580224112
-0.38717179538670643
0.041614020779707994
0.4761786497405658
0.7315036649726054
-0.44761055391545956
-0.2933040634954205
-0.7685140537293518
0.4587743345525237
-0.1521347690154986
-0.40987930515826365
0.699416034906138
0.3426414788876544
-0.6028999063988616
0.9939774231241734
0.7427725560394409
-0.8023773367094218
0.8156916264356004
-0.3313532207873906
0.7766682919201944
0.5661202419556424
0.07508190928185066
0.7019782456672572
-0.19875196391145766
-0.6997580619138553
-0.5706831933521026
-0.29216832684645877
0.23971140541328784
-0.7325212755485522
-0.5779619157718956
0.8345516500696586
0.8976144836855875
-0.7357140377820162
0.9547258933858183
0.006521896458671517
0.08013208059486976
-0.10455931943118002
-0.8508367641742554
-0.23297547002683072
0.18716643683569023
0.9133771260843628
-0.9484533718015054
0.10820757774041345
-0.04810984339083091
0.31053010677671655
-0.8973794563426021
-0.2459577412672178
-0.10348446715654624
-0.6809557889132363
-0.26233411613145385
0.5047289790543463
0.5497842114718707
-0.603965061270834
-0.5178737494224581
-0.5439096205790934
-0.49612476354176005
0.2589154360294268
-0.5268907237067775
0.1750663816662037
0.4841329169116715
0.0841320887107635
-0.5360477213540771
0.24250560218789974
-0.7367827391210997
0.09397835534110133
0.0584957776082522
0.9670252049002968
-0.5280147546668272
-0.07001398220525035
-0.8263390940859721
-0.4712115236181402
0.14261271305392031
-0.5522797177637953
-0.45661989691734317
0.32962948915683254
0.16517046299861704
0.8666334317713926
0.45388322233572875
0.9060302910951457
0.7470704359193705
0.5699604735927297
0.83979520472855
0.4040354511246944
-0.564497334326181
0.2734666675526536
0.3724536269655956
-0.6797332049420111
0.2961846402374584
0.7681876751582912
0.23630762925302773
-0.01922159381008659
0.4374500606788998
-0.00887189420888479
-0.08378593342956941
0.059571334250145824
-0.7730951499789611
0.7892148450069469
0.5078979391857101
0.33116492997917435
-0.7314165315328858
0.41562839993657286
0.8157989814164972
0.806699387203345
-0.5082597308919592
-0.4660363147172988
-0.1830213283130191
0.42062333052116707
0.5481147394106982
-0.6954993660491509
-0.05328547575245368
0.5150975583014781
-0.8772886902508981
0.9881916793208336
0.10086300244596358
-0.48817580134300353
0.7338393950042499
-0.5721967563922858
-0.7479757449875077
-0.6339105886173617
0.13136064409211068
-0.2480259295321272
-0.8590044688091638
-0.33461545968386264
0.4977944722866403
-0.30321593308178696
-0.36804641904318425
0.5650505632000238
-0.6848637040904679
0.05075295815071135
-0.9907414202620606
-0.8540331440422024
-0.01905517729048123
0.9030179264746105
-0.254274005997263
-0.7656148640762495
0.04045947617891832
-0.38923338193206414
0.08666611945685654
0.241586417474432
-0.7527895315200235
-0.29916957782236375
-0.8290571763107304
0.16111716543232268
-0.4272108416781557
0.28167093893180684
0.3497579591187012
-0.49606053613706025
0.7571468817974489
0.9658204414483695
-0.1341803380946729
0.6569079469887154
-0.9760034115500138
-0.21083411108113403
0.12000638451059409
0.9175635841058514
-0.818408509633008
-0.8377064263488703
0.3795918184369269
-0.7116864442002464
-0.5126384076868677
-0.4995606338063969
0.9715484023242102
-0.9943556056239731
0.3755882597078508
-0.14758066183993956
-0.24359894540917426
-0.26490684847529256
0.4305037103850715
-0.4147592940867717
-0.007444831246234518
-0.6197202070916674
-0.16709698511047155
0.9799245171039053
0.5779762668400197
-0.4656175616577607
0.9165600376833096
-0.5446031015674409
-0.9044478423573232
0.7450147820647286
-0.5585575898032844
0.061135189297275794
-0.909579140508235
-0.03145682723631027
0.7239229934736553
-0.13441643240035206
-0.4279983364845712
0.857459407534938
-0.14011152080161082
-0.08382040751986453
0.860418628957357
-0.14549754994809994
0.9348499719614305
-0.44183687688877016
0.5864604343746584
-0.5401979259577727
0.33586145020502745
0.07316502132141367
0.9061715393742609
0.49239336178813864
0.06325763718434962
-0.16509677639661557
0.8056253856056566
-0.3149689293814648
0.2859236089554309
-0.5218594544182391
-0.25161889214829647
-0.4686898853036028
0.2920133049471467
0.9383871448826222
0.8575792510951468
-0.053323718303582845
-0.542263717430506
0.643658651583233
-0.6734135934387155
0.009990022831489087
0.8900356236700222
0.6259294432925335
0.8165487503775097
0.8198842002041002
-0.005317318095070522
-0.13125230431095303
-0.7738288997017011
-0.669765654346874
0.37951787615950483
-0.18119138707066273
-0.591511605485987
-0.07836161717610568
0.22326928730190043
0.6631081984353839
0.16135161776449225
-0.5791186473321168
-0.4764147947970303
0.7096301118003059
0.13280168995435004
0.2979377632456779
0.48361763568505234
0.008345210745093645
0.15945957555251655
-0.14985663635618907
-0.29530042326628103
-0.7893687678790149
-0.00448747964065821
0.3257456341279532
-0.17664016524317128
-0.4109506214660763
-0.6081695512253174
0.1441205639343177
-0.23587638044489956
0.1257412643509941
-0.9508006253950647
-0.3624784205122564
0.875249587745762
0.6265390414472551
0.09661135399653542
0.06930425288691455
0.8727571404694081
-0.0707911675043269
-0.5649952311873203
0.07614897451672942
0.7388017713215536
-0.5519239930608713
0.5388001321329416
-0.8631184052834546
-0.4963422332755789
0.5336091797211133
-0.8779679313091824
-0.8119296803562646
0.18627269286734727
-0.5756325900626502
0.45282837344979954
-0.9133450976518727
-0.9234409771149901
-0.06995616684720107
0.039443028606647834
0.2624432791607054
0.013293756796625145
-0.5918335963854162
-0.08699893593261798
-0.39161261050243024
-0.655302363230627
0.08334523319029796
0.7965675235174001
-0.5758703236688831
-0.14552916998210152
-0.6932163704267646
0.07710503417242309
0.05838846619938387
-0.9057367823554432
0.9650983836792091
0.6863387156744722
0.7883298533619731
-0.7157378892595669
-0.07867732509998171
0.7484987830268288
0.42915052795131214
0.22678223543127718
0.10729313645291638
0.16736598159445704
-0.8153247110917425
-0.47655343279323614
0.6854514792991706
0.20199650173005956
-0.6701497012170758
-0.20525066019543647
-0.440582129815662
-0.4800422167706344
0.4585915685666033
0.5714960038649752
-0.5634776217804205
-0.7811418315315153
-0.7644734556918367
-0.9391820967632389
0.6318088774147974
-0.12859243121130337
-0.1422558013042896
-0.9148374317532373
0.8518532965277372
-0.22380091144828018
-0.23725253161147286
-0.8491368304038787
-0.6919331991545108
-0.7141454555809525
-0.48861958299729347
0.8235950987909628
0.6829826147290177
-0.6638697079667455
0.22957962436802903
-0.6287707484024172
-0.29064716166558013
-0.8859676425095646
0.5103784918551846
-0.01970436485975524
-0.5792898522166121
0.1799434443374397
-0.7423291352549208
0.7604738802596147
-0.5066224074961003
0.29821781581708606
-0.4041822319337547
0.22223001269128995
-0.47626322658079245
-0.26734824280404945
-0.3257393049379642
-0.054077567214209976
-0.42910541595311136
-0.17230745054858843
0.9638817408738143
0.7564033413855187
0.8437149562761335
0.3232000933797978
-0.5280707107211335
0.8753437562169664
-0.9774886208569213
0.040029575466153045
0.19490665590234624
-0.7557850985317085
-0.6204764756553502
-0.6743435471154242
0.08389845790585748
0.4940611461155695
0.5986302755672115
-0.03648225313077602
-0.18561203846833174
-0.11609717593002755
0.9935777966438251
-0.8733026066949068
-0.2673030860534149
0.9378100290523821
0.6853317214179284
0.39603626958364546
0.49375730517616767
-0.5186071639829559
0.22298879113385284
0.8646999743884247
0.11000230836221925
-0.6883449325926025
0.11901233654384824
0.9156921047243325
0.3987427426257888
0.8298624351044586
0.8183836995897378
0.38575234736785413
-0.854527634792793
0.6252797700747477
0.7325905168800737
-0.48146763440167795
-0.30687575899556996
-0.7816665211636102
-0.8568004148054942
-0.6381036907763507
-0.8776218605096202
-0.04503961118989186
-0.9839081953037938
0.07864451175903642
-0.29430272139234037
0.3896057002559865
0.06626342835145449
-0.9830866684744752
-0.10214909165234087
0.4025369006885251
0.7744266622423635
-0.6740433567437287
0.7682568158904368
0.7678433143074235
-0.5195291807994702
0.40496727969460977
-0.5144433426464394
-0.07830635382738516
-0.8348269148859808
-0.46294922808169403
-0.7675853952204732
-0.7238721905038645
0.08037587099538035
-0.3125839971079709
0.7586088529938095
0.5818619315207563
0.999176856734934
-0.3656991487328163
0.6730615890406599
0.5642885369475714
-0.4684955110865978
-0.6468957197849874
-0.46946598553077323
0.3400572991456807
0.6867812395290616
-0.1113511855674092
0.7862885863925357
-0.03267534643365244
0.6642039707866811
0.827451063366869
-0.2278994774665375
-0.10903609123646851
-0.28750054447633144
-0.07866916620094488
-0.01042256276859943
-0.9852698940980575
-0.17515876176108836
0.4156425925108993
0.22182507422660502
-0.33442175879452796
0.020941766855711252
0.19986599376944958
0.23207502089675458
0.8110343620566247
0.017162182977886742
-0.9747549145661893
-0.8520322870544383
0.5487251786795331
0.19681022580164131
-0.2763796198589372
-0.9772368858965386
-0.8921283041711499
-0.03337537955626946
0.6135482936066454
0.5198291125563439
0.385758539244319
-0.17822705049382725
-0.9057410884123247
0.1843357623139159
-0.6121088507174746
0.7405172908589834
0.8049534315536826
-0.6538382546562744
0.8487585083346574
-0.10896893646401273
0.6663972163893261
-0.659402458993104
0.7808198140226073
0.056677712805098146
-0.3762826159350561
0.4385080611604437
-0.2674610161260291
-0.3276094878393867
-0.02623377737008603
0.6451948395527536
0.1319919895011079
0.9136209568424274
0.7873658482965706
-0.6427222006902675
0.25077666686584044
0.890650970515628
-0.8737980710829041
-0.24050775174945627
0.04365663511655593
-0.325107781195936
0.5060878368353432
0.7983771283896817
-0.5974250710992961
0.6201250251258932
-0.6272268718472496
0.5874074776377702
-0.7906244298771437
-0.7595446056089306
-0.7665755181063267
0.1782020485575968
-0.020225398605457245
0.7680995152172654
0.5263589106585402
-0.22498360110996907
-0.1381748191626937
-0.562069688817969
0.3135637173451564
0.6748082895068561
-0.7146754459172697
0.532051649951532
-0.5550108188791636
-0.5172586785031452
-0.3456862535629963
-0.7335088673911319
-0.029445461273770235
0.4830709879806272
0.13302404367311582
0.7134329116000961
0.26526023917695896
-0.5620654112306709
-0.2036728124631133
0.12623848570370244
-0.4152478354057154
-0.45835438184427857
0.19894989389661943
-0.7291676385866324
-0.4168619528406141
-0.22432961615160218
-0.23658436803929428
-0.3341425155579987
-0.29819257316124737
-0.5104564965755709
0.2948805921675368
-0.004667299071911879
0.2774617563605266
0.6755568118682631
-0.5982668004331868
0.38137454321352005
-0.2804874372983033
-0.8898660955517448
0.6340300213651202
0.6908709289869657
0.17145992161961865
-0.6976186851434538
-0.25245607791928637
-0.4011745944340097
-0.302183994052468
0.020385371261470553
0.65940340368696
-0.2575834253161824
0.22759184148388822
-0.9415988875033896
0.3820054994416846
-0.026353447403817398
-0.7626815755557874
-0.1368409453470283
0.5050872661148935
0.45477986804923787
-0.528973382341688
0.6550922468743416
-0.35845578905323716
0.13960302708089967
0.8715629741245363
0.7603659940521115
0.6607873008449923
-0.9551379610715542
0.3370725051065704
-0.987831388589592
0.5041331744377258
-0.3599353857948906
-0.08156826653215354
-0.7151984907193334
0.9099251404608126
0.6701605976046496
0.6378688633954621
0.49168422917590404
-0.5282138159704066
0.7744434000786149
-0.7640386966280612
0.7084682812629328
0.11160748906778406
0.37634230916022604
0.8436532359418918
-0.5249688408297943
0.2695800795855048
0.4926049022182084
-0.17211029953177315
0.7852018898060436
0.8967796275457205
0.3466955081349914
-0.126083670309302
-0.20935497083976196
0.6815178039306871
-0.029934936970191117
0.7442473052325598
0.8254101700250822
-0.15112354898473357
-0.6637249235785274
-0.9062429804489234
-0.9997685471715083
-0.6564550927047255
-0.003213581945378019
0.22230415685751237
0.32073930615890167
0.23928235632068762
0.6735526399272904
0.7107500160094193
0.05132537453247421
-0.18596827051549658
0.8123848210429847
0.5131861923257737
-0.12352053023614795
0.8879138677817164
-0.287616645107555
-0.7323609197944567
-0.6960043691525448
-0.25796593603047935
-0.4794397984672887
-0.6605267568089057
-0.290478077346469
-0.7807635468726883
0.11710331460657097
-0.5738326926969592
0.43950797918924756
-0.5463555997131133
0.7155632287339186
-0.5709097598829946
-0.5303193849108219
-0.9159714613044669
0.8635690219197631
-0.2626417881930869
0.2587582717412755
0.7767468320620685
0.453510776251862
0.07080585429008424
-0.3578096364984007
0.4172050251785786
0.3389516618910158
0.5935591803627027
0.8782888014652521
-0.5755125858793824
0.20136243397879183
-0.8633507938058862
-0.7108057342797889
0.30201302987512113
0.4230989759735402
-0.9424397938735796
-0.6682998906326727
0.7577732199151077
-0.10362938104034924
0.5165584387282351
-0.6119667722483633
-0.48908800718378
-0.06572310906427825
-0.23589962078968574
0.08427087746767814
-0.7528883109835753
-0.25118321511763475
0.4105734391843341
-0.47585082770132336
-0.9065490527672482
-0.6778964301934696
-0.410925653060797
0.4685981221395912
0.4541040672404526
0.9208465055149666
0.42388428679374335
0.1964155332189803
0.0814554642596621
0.9904882317592376
0.2817517995677057
-0.4509293152049527
0.8529038288041708
-0.28578458980034505
-0.08995048660099592
-0.5072933193799469
-0.11816359820726907
0.1333876317396756
-0.24467814753361816
-0.5770119889345686
-0.6880459530050236
0.39975888083649336
0.5076952324201291
-0.6064807599600097
-0.5726663918569146
-0.5338078853807853
-0.768924664276367
0.46613705154160967
0.5563152136948599
0.32139792060051664
0.31600831470027435
-0.5385422598278846
-0.34449372172852266
-0.26444582061782085
-0.06846285470655933
0.5306394987394165
-0.5691033751229408
-0.5925065071226641
-0.3456637987801303
0.1743966734144069
0.38628312814871957
0.3904719896685189
-0.4821386164862711
0.6028823274652368
-0.7150965566355729
0.722362172794698
0.8512054434793443
0.6601324020796862
-0.8316153338304146
-0.7025598745684718
0.9668016070382
-0.07065631066503797
0.2978120940311417
-0.8092346050660824
-0.9919281553384387
0.09033608557662376
0.164929907602702
0.8824805037697436
-0.9174311644993733
0.11812651767338944
0.06718641566138084
0.12818473726728996
-0.816885573515451
0.4916216723451403
-0.3514597568625881
0.582865182547528
0.33888974326257615
0.22401333895998188
-0.7213524624290277
-0.29030410256556594
-0.0596140392548099
-0.7684601214634788
-0.8237472967979902
-0.0086554439912363
0.24657746404613023
-0.6751466195506424
-0.2216912421837678
0.010253816304832464
-0.2903677244367022
-0.06268787728398295
0.014555701643356178
-0.4243073887053299
0.9419278033316114
-0.4029045149664159
0.8679898365086367
-0.25079858877557837
0.9020932392395116
-0.8948844677066587
0.8848587702853752
0.35638226333185496
0.19125285618820032
-0.6017207210196811
0.1435208634724512
0.371814508003953
-0.7724025321763308
0.15773276744142084
-0.40029002109594747
0.42520292873993326
-0.4931349510651284
0.36429630057336326
-0.3035492156837847
-0.3993047000634742
0.1582636146036034
-0.7916215512389353
-0.33992767138098423
0.6876329836957895
-0.4301762039853665
-0.9707653173209148
0.9994704312308227
-0.9101730025921819
0.9841205707330833
-0.7114854215537614
-0.6160271718595205
0.7117798475491113
-0.34524264165417873
-0.024381036845171566
0.29586491906767676
-0.6858979589101011
-0.5940409373201814
0.29746806741095444
-0.3631645038318472
0.06669948776007306
0.2520724074578131
0.022858034977474073
0.8133063407944279
-0.6728633534097195
0.1107272886366315
0.43166241540575756
0.7338120142820492
-0.9670911818892973
0.5828636581575031
-0.5382863704278615
0.6222997602366234
-0.47981622957497305
-0.7252170247314129
-0.6487240437697557
-0.4155784134538121
-0.9320973185473198
-0.7981635832393938
0.8426018534808566
-0.5404047011520732
0.014957190681774035
-0.5596858457875202
-0.15786037595957714
0.6498129106012556
-0.0905118114114789
0.38355421391903644
0.32554000793845894
0.3368784352487262
-0.17682047760162445
-0.289758140734671
-0.7693136302647083
0.7829609638566319
0.6997491029267011
-0.5126758842413113
-0.9004481775568998
0.25505085233978964
0.40566598185451674
0.7069163135213874
0.3097648108924156
0.5221105707846918
-0.9875474790329728
0.9960321654809323
0.8793425719294294
0.8444151279225254
-0.2362430566805651
0.23991979249315176
0.03312967637054687
0.9077795890382394
0.1667104935533279
-0.5757581975381152
-0.012942031408923693
0.2510747244639915
-0.30408816739002
0.1282883732258111
0.7364214651363052
-0.6063655894491153
-0.2902911471490677
-0.20913292974715803
-0.9730620447662592
0.08986267824634164
