0.8932074339317646
-0.9449714497743249
0.6726654694462033
-0.4032886713994801
0.7169563023556789
-0.023760170033492845
0.23117000527571885
-0.9973428232345005
0.7466400960478197
0.47344585560742547
-0.4356602219338441
-0.06921642702603514
0.25138316451337195
0.6305127206192023
-0.7941050793100333
-0.600067318584194
-0.8771595432739827
0.24339391280151412
0.5391811398656181
-0.9635080868389669
-0.31523881192099057
-0.317618897756748
-0.9292764937894833
-0.5294416916924172
-0.15368016289099073
-0.10614702567225165
0.4653029089980676
0.18901408307021428
0.9234938688283449
0.7471487558087491
0.33968553653611666
0.20055491341680298
-0.68590355015771
-0.6283519020538666
-0.04528378437189917
-0.16158487256358267
0.13589988526577734
0.1310898587873608
-0.8494382275722847
-0.44026185151981845
0.9236144298115954
-0.553382350019745
-0.8625287474296999
-0.3037572762252785
0.5293141972418152
-0.19300883086616705
-0.9155036759837267
-0.2309610330755889
0.4822308687485357
-0.006142894887382067
-0.1588060513222418
-0.7988487208443076
-0.7623363474847862
0.8019254328615544
-0.41758882963639077
-0.9554911636043244
-0.018917708352519602
-0.651649591459271
-0.31616904854853134
0.6838663319462137
-0.04767215742648023
0.4425689553785177
0.7160344352694255
0.3883221007295259
-0.38385616167104053
0.4273016208681324
0.08741492492036618
0.0518028226682925
-0.5709006460589146
-0.5966246396714086
0.5713557553029422
0.4970878224424773
0.43929305002859853
-0.18452078407269168
0.7206628319434856
0.31364871941631
0.5040547076312545
-0.9970814493897562
0.002320801988280996
0.35778353368425186
0.5221912412247904
0.5088855581935481
-0.6217801820683695
-0.2357728105438568
0.7511488961754025
-0.30628300037423717
0.012577683174416654
-0.39837607291339494
0.01579469931082378
-0.48793581669354125
0.8043611714249261
-0.850050318384862
0.41434637550745856
0.19085189569479355
-0.47691266977767444
-0.8138236964999528
0.9883082899933238
-0.015642785356886346
0.46896451658765304
0.6351719934992717
-0.25289954743888754
-0.815308061762509
-0.21658921024475952
-0.5239642962537294
0.4243936961215633
0.13042534574440645
-0.19643473560030666
-0.11023343268500319
0.39199388115485023
0.08303696593439969
0.18448607794760719
-0.7076278774771185
-0.7315544914205729
-0.4696568165253785
-0.09469244788820008
-0.8817772543946061
-0.06664696084429766
-0.27200709745602336
0.7307060706860156
0.001662269652251469
0.8947468157993059
0.10458233701229691
-0.7833969430059153
-0.6494118140253555
-0.7443516942182553
0.5328909009394445
0.9291115031880139
-0.7860816188807886
0.8873173466169284
-0.5908056229998642
-0.8116895943167448
0.815563210813933
0.8404929673307548
-0.015437171680819706
-0.6464900585355271
-0.8392733506024643
0.5122663643693686
0.4565069291205561
0.4342476396638053
0.7160613656085972
0.6350534937124868
-0.04371445898134296
0.6413347247055969
-0.6765922691935466
0.7654631136355021
0.7566446538956031
0.3848499366480427
0.2275480363454392
0.624683052135963
0.7767069114420064
-0.8189449460993601
-0.6183882645156373
0.37833706222462826
-0.22481199555121778
-0.052214072441327586
-0.9605300325336557
-0.25740843773475275
-0.4999344659994218
-0.7520493255715464
-0.9473395591569536
-0.3353794539025634
0.5022822441844415
-0.8166563683129133
0.2600881418347287
-0.7506357961014192
0.3230168490591476
-0.15393661408862402
-0.10805126824178668
0.5908461939354877
-0.6714910246276755
0.5024002885042305
-0.9949736573796826
-0.7848591082772001
-0.40662133024041025
-0.9858625289360861
0.6247187385165629
-0.046588067241521314
0.9228332119358869
0.3947870639937108
0.48984829070245617
-0.7627302542149894
0.3561075841239727
0.853362126194918
0.07951782640900706
-0.9549743318165955
-0.6920622741086395
-0.8041379095798413
-0.053024635426935696
-0.9737536579234634
-0.1181805591756957
-0.9652717317832296
0.2936541911123125
-0.3066575145716324
0.828257834846605
0.8991039945942398
-0.8127423675733345
0.9927519059815677
0.12316665761958756
-0.956188257162172
0.8609616756847926
-0.9453931926181487
-0.7939710588479827
-0.47746177384208766
-0.8734890664244994
-0.531397692508667
-0.45561594416986306
-0.07920393124912506
0.09218710138231478
0.045111595880994226
-0.6193409188582919
-0.9631908394848032
0.09733209812722565
-0.3055789343602937
-0.7306838166327698
0.7535468169996262
-0.9416885848041303
0.7932877626765762
-0.6732607132044652
0.36270991540302244
0.26650502716204283
0.20684808695061996
0.9932388578681712
-0.3184496717976386
-0.9128811745145244
0.995236040141025
-0.4539959668386413
-0.5540168611505194
0.9783099756665015
0.758097419859
0.6037868642747122
-0.3314708202608818
-0.21667523332433114
-0.4434867287968973
0.4285546185716045
0.9172040667641173
0.34404904358288557
0.4006757945990804
-0.04369920827534468
-0.19845329674983003
-0.8574236869556093
0.4029864861526635
0.17865740826677667
0.3445600168784262
0.8980994274698784
0.8700751262136837
-0.25109489199264656
-0.6255863052908821
-0.17036288063310256
-0.15643322949736915
0.5004300715820758
0.5873370659382144
-0.3591919807212931
0.8982507650794858
0.9426304117494446
0.5132088276567772
0.19106930145245005
-0.6323645280122805
-0.2612722119867432
0.25792764473232555
-0.7114610803583805
-0.4093010740784071
0.6718920946919957
-0.39827356660017066
-0.9272750845193025
0.2599753320323335
-0.3294576115949084
0.8001711538650571
0.051187020043225395
-0.5000555014328403
-0.9093623461291915
0.2646629054406804
0.012359821704535756
0.9160189258543949
0.6422263916774238
-0.8081600509512266
-0.24253016778084446
0.5282533419636339
0.09947582483422024
-0.8336445633540182
0.8776814142346261
0.2402270412410208
0.24785500764030166
-0.22091662003066803
0.648310078402643
0.29237995178696874
-0.6009004776095841
0.3828846295423134
-0.47985558191733246
-0.9895905751337208
-0.7559618889833373
-0.7493576939933688
-0.3413782278935493
-0.9168356501543504
-0.18468482112671047
0.6053539878919127
0.5148051175915154
-0.4091994887142121
0.8964953019275406
-0.7403532122359378
-0.4921881290729371
0.05278963694883987
0.3409910475641662
-0.06784129089454227
0.5565487985745303
0.8767023101586444
0.4537054768129771
-0.299191054444508
0.4193104247736703
-0.23748643429382832
-0.15976301324738684
-0.4919437955004977
0.5830006937864416
-0.14649256063952398
-0.057055214997162595
0.15082432455349726
0.7894415543286013
0.7236859176541968
0.8601281579631972
-0.2321491883409461
-0.805565098876275
-0.3470857439793107
-0.015975560385812937
-0.5202068233978128
-0.37405239800355616
0.06486475805495795
-0.5047148014650926
-0.4574946505696882
0.44099226453135376
0.48914720725814975
0.8160413192162803
0.1414752517180755
0.07647937129379878
0.9578438146976955
-0.24937674262338771
0.7854919351005727
-0.4524794305731634
0.35799421853792524
-0.7675465005079307
0.1501898222067255
-0.13263575440605768
-0.06459676551471794
-0.6524173223973122
0.17719449077289817
0.6463493688217441
0.8814742563244862
0.6197940834709557
0.2521738618663718
0.972965623718981
-0.2664032461020589
0.4191533721454803
-0.6348244477923435
-0.9116883852400968
0.18094701706444272
-0.20466543940913162
0.29921053533992126
-0.6640546112120278
-0.20861268640156827
-0.9609942792477759
0.09811985184200767
-0.5976747095790234
-0.8385221953315936
0.8390111972748324
-0.6676590352099805
-0.04125782273866041
-0.9595559808392027
0.03004055600371691
-0.9887329342579698
0.4738465767586679
0.09026944421693384
0.614926777064883
0.383471265045809
-0.8134218370321473
0.11791252289034637
-0.0023294845805867936
-0.6788536100863438
0.012508032144337822
0.8519742493566493
-0.8222605206350464
-0.4973123197143827
0.5023064525022529
0.6349715648041916
0.033145133571138574
-0.8125745003601208
0.8792536318096544
0.7636986212684052
0.7592527198528702
-0.9809076948574778
0.6534119706925634
-0.3660116711147008
0.032232800636275316
0.9996860655320914
0.3432834750068101
0.3325118810632648
-0.46948304814846065
-0.45702829824361313
-0.5685220227713508
-0.13291531787287436
-0.9254287986465979
0.34693848427113605
-0.16087950158175124
-0.1617267603084882
0.8347571176090105
-0.28288897023023574
0.9244311378545509
-0.9710727345938279
0.808999584328655
-0.07231136152413664
-0.7058883985969202
0.12458807508679515
-0.913562282647024
-0.7749337160866727
0.5618772763149957
-0.4234464515969778
-0.7098153306291108
0.15836873272717344
0.5966763411759921
-0.5192930413053825
0.03177788866837017
-0.9357930567461612
0.7738403579295781
-0.7309534059082248
-0.788146710515836
0.7379447966679074
-0.7243854842789228
0.9971792418572094
-0.433970448151606
-0.4086584477554893
0.5832175611419133
-0.9401289824525316
0.9819437689107342
-0.07348621862491411
-0.039213536911375524
-0.7219255495111028
-0.19716986540088488
-0.6512608812039484
0.9522622875626827
-0.5253176369492405
-0.41501117907132135
0.7957019011517035
-0.30452250081457
-0.10741695480572866
-0.4090562486881577
0.17835823856064903
0.20340848839451153
-0.8925769154059615
0.6770423095240561
0.20867787709146834
-0.3292404372525377
-0.5511899812193228
-0.8262980818502594
0.6320966667344068
0.3347478746355359
-0.6324836446095574
-0.14153732645711292
0.7875922428253841
0.4521624581808965
0.6725731416370788
-0.8135425145522033
0.18587418534363898
-0.44952701338174794
0.11097186006541682
-0.4301349256792171
0.626256532716335
0.2689671242104379
-0.6259814330284064
0.687363330608598
-0.7346391832317076
0.826599016483845
-0.7117852197688643
0.5565549610873934
0.005873736427982612
0.43643363194532725
0.6848665153505837
-0.5832110285476126
0.59116306755512
0.8322759137359561
0.2414509201293722
-0.6532440950949605
0.8716333781981491
0.481275818761306
0.44909910978166834
-0.01931256703459261
-0.1487194636040563
0.027004010200798012
0.7843804794441516
-0.3110564837298089
-0.6720169035186938
0.04069608117280121
0.14990324469631844
0.15322461843415858
0.2086458236433668
-0.7459342772823092
0.6970731368477139
0.3935984312476071
-0.08961029023868461
-0.8947081990400665
0.25568084319645923
-0.0060159009451261625
-0.34844020688278543
0.6504851542766215
0.7688166384567379
0.5246908220157276
0.8914017187048526
0.6761465551955783
-0.6320611356199
0.9750592600814492
0.6948345424287741
-0.806171356334783
-0.9782486985573888
-0.6137911942544707
0.37882645397407
0.40641822518701365
-0.9461282421628741
0.8133460901301588
0.43945769719803707
-0.2938410364897561
0.2481036253504978
-0.7509566880004384
-0.5361662844391935
0.2977368718553237
0.7464489804500078
0.20334835798930562
-0.5014113580448389
0.6354548011657108
-0.5061692789835879
-0.7364582919324356
-0.8232013489750984
0.02172453727057322
-0.40518048736865175
0.14580794201148817
0.7977012418745033
0.4348090418965531
0.6214882877010532
-0.4969567658362888
0.5086966870743996
-0.0630502644422044
0.6478467192899169
-0.9325268855809192
-0.24331616795478328
0.8597175335134604
-0.4148650042809794
0.5837079965589109
-0.7441376172983081
0.37162883759529297
-0.7464149096742614
-0.5726831547539648
-0.13828970173013366
0.003771330367181358
0.5500853346299135
0.8059528238929494
-0.054074907180813536
0.24238718722609365
0.057512429463307146
0.00451779413614406
0.13469354763569652
0.393064766410125
-0.5096763796428421
-0.7371944291728632
-0.3972657506182906
0.5793923173168445
-0.5176711972939265
0.5635166358661665
-0.49186485185348006
-0.040368285516342306
0.3963916534347416
-0.13950872140963266
0.6080857929335604
-0.9718285075626303
-0.9278639910636302
0.09145980666866671
-0.38681746003200823
0.2142230222888466
-0.2734374421650745
-0.30343779128707027
0.4180634407359345
-0.10157341275489373
-0.41619119056188136
0.3033437791589615
-0.011293221989625568
0.4387365434258952
-0.7658869905449481
-0.2591159580861111
0.3918063095114728
0.8301584230395205
0.20837163416300086
0.6101719082375496
0.2192135048025754
-0.7813860390459206
-0.19649288612658689
0.2647913760234675
0.49051605742101256
-0.3525868605629605
-0.194807834569793
-0.7545637743844857
0.009399264015379272
-0.8644849082994717
-0.5716968261231752
-0.03627549801814123
-0.8954843853477379
-0.5300367548277547
-0.46819488545090615
-0.2547625676716705
0.7031657790818513
0.9405834068336612
0.9635973365267696
0.21866010005758119
-0.23382779470052406
0.653235582249156
0.7521783222117653
0.47735449831008947
0.2549049778250847
0.028614932144586547
-0.2141845950297696
0.4416484760767412
-0.9935026889408598
0.6267990411634399
0.6062336487787177
-0.5854224792750635
0.16086668718669284
0.5334426989303465
-0.0073340744064223085
0.9507695774749576
0.11323545985688077
-0.7982758428887438
0.12343527704288304
0.8476153544358385
-0.641577788900104
0.8648497880908224
0.2760669533127149
0.3198208410969918
0.04825530949446555
-0.5828724409839787
0.26325805750798437
-0.7671088552331484
0.6010354920831842
-0.9926770851842299
-0.8991413033729869
0.6480483227942917
-0.7179453438876227
0.49621305856208253
-0.23465206237874803
-0.12946190449711992
-0.683244796291145
0.40095964117728045
-0.6778846457989263
0.6952350697163276
0.8031921968068965
-0.01787727640436554
-0.8078123436606219
0.6079076039052744
-0.5419604509717832
-0.2751587912923805
0.8738673760263724
-0.6725423361947118
-0.9395413552273559
0.6239098571923063
0.04707931333408166
-0.7360968761326037
-0.649273290223598
0.40318364614406943
0.6620478930604978
0.21882482288420402
0.09559971338514361
0.08294637738556654
0.35025748595448514
-0.03054869215679057
-0.9500366676138097
0.1545799341822669
-0.7055249002610007
-0.7454903117973535
0.624403105658353
0.03007766624478858
0.5559439519097062
0.11942332673702749
-0.7890967047207882
-0.5953548477372381
0.7806831262635072
0.580388507638335
0.3239623086137897
-0.2961633468597782
0.1931580633178982
0.13131927439314195
-0.018010185983820204
-0.11762202962242085
-0.16558569735177775
-0.25540177741269043
0.08392996974612887
-0.49996999283137944
0.11309399399791453
0.7060274680887022
0.9286326966408531
-0.7794503192353903
-0.08841508070523285
0.8763258316537752
-0.5204274624651912
0.6630089635359921
-0.2741221225302901
0.7859712983488223
-0.5049059408808843
-0.11956507776184533
-0.3834628672422431
-0.6528586611823002
-0.7755604160635428
-0.351062505041557
-0.8904822884314536
-0.09404329391400745
0.012394030085810304
-0.7788049612962904
-0.390610565604538
-0.13981270669827794
0.8604595057088316
0.23136938430211162
0.37385778054041086
-0.8679679983903845
-0.23995014089115618
0.03422755405305922
0.6472983752714108
0.41253730996073634
0.4432748883906368
0.9194479675056069
-0.8376493953658304
-0.7163269411957423
-0.9105396399854482
-0.6372059092042401
-0.10755604989986312
-0.9239640037295718
-0.519370606299314
-0.24095970327896166
-0.3255413104014966
-0.36539387943691737
-0.8832516266730572
-0.07276126059187815
-0.8804491581353944
-0.958067340163038
0.8816187538261937
-0.9128817738816455
-0.9085011374182661
0.7875807272344109
0.9928738499170617
0.9761101445289255
0.9557587196600634
-0.1253781367459712
0.17461894035772074
-0.6903008611354449
-0.21125887588412584
-0.08159432527987209
-0.7411703412301911
-0.11650093833675879
-0.21434675995111863
-0.5801975299274442
0.7517031525674076
-0.7263411673763474
0.21657538382830355
-0.9154403353823004
0.29373330210973814
0.3129045462154596
0.45427107859158933
-0.6876314979709743
0.39736094610775563
-0.6972710606377581
-0.16644248217592006
-0.2063098658102016
-0.636373672131213
-0.7320592777720027
0.40089068654215243
-0.4706563251848721
0.8593312511357185
-0.5320087969085407
-0.025851631297973077
-0.47268811615018014
0.2787943396154
-0.149802990475278
-0.6435778857261485
-0.06682741019202254
0.7193625860382056
0.1631819003010202
-0.9660428887535479
0.4150187366275515
0.16742000487560427
-0.955435930440051
-0.7627924780819915
-0.7493193572412766
0.32171190283937245
0.5551173409081296
0.8553023812402136
0.754520070820689
0.37338176825040614
0.35233830396856547
-0.6319542365145934
0.43301564175994334
0.017196070820376885
0.9795552096919062
-0.3040969178206896
0.5728154155929839
0.9860101785217483
-0.40758332562018174
0.6672527692607708
-0.1581169088184855
-0.5193933851318893
-0.14719825273703324
-0.336488254205928
0.9238188166142602
-0.9903849423079631
0.6908956162634763
0.9265706210018407
0.2073882084011669
0.35930202800796907
0.16937945603300064
0.9993024952675751
-0.8822537043864596
0.6805955254576039
0.7793848169931028
-0.1812620164934411
-0.19720332527710815
-0.9892110846129005
-0.8439337905975088
0.09282671057377878
0.57757830465561
0.9399455855204781
0.42235018223811305
0.7655338781090688
0.781526904187348
0.5871050225644932
-0.8473805189440582
0.6113484299248448
0.5179097092507192
-0.43103225082517627
-0.7062027175900061
-0.7008922254075656
0.12168620419646992
0.2238164633568025
0.2894970047164309
-0.37362799439514904
-0.8584995322935447
-0.0039930593635779665
0.12360771082689048
0.04940824039851566
-0.8765364032447447
-0.4085581426304594
0.032887715359308345
-0.8798251024544521
0.5488384232443873
-0.717982110291544
0.2338421934204975
0.9905226616869123
-0.09530887709002189
-0.4328845012525486
-0.8326357624666261
-0.24484227940998315
0.056027719017232025
0.29277746649042724
0.48532092959734996
0.07874085626869953
-0.16011281105265462
0.2843024003841592
0.28647010123709604
0.28882405627085084
-0.8836852855148631
-0.434444642561435
-0.045204206160012195
-0.08484557758538669
-0.6119065657928693
0.31837770765391205
-0.6384457824030882
0.517202994414901
-0.45943584667239534
0.8780552974437723
-0.8369750180317808
0.5656051054994049
-0.7451819020724735
-0.7341173744490459
-0.5408354420012116
0.1295260362327051
-0.7880020469120204
-0.9725610093632291
-0.8259359389062919
-0.829205928814492
-0.6666014876348481
0.47526984503766045
0.17731415006537588
0.3569719649545642
-0.009490767383431686
0.8272459925689348
0.38608509497287025
-0.5206352140375503
0.37109488004509505
-0.8130495514258027
0.8709316768566335
-0.20170887804370352
-0.9981358587755922
0.8300211351355076
-0.6659633734004247
0.9367722729136585
-0.194771963111265
-0.1595444660494214
0.2368089731223979
0.3051223517099233
-0.9928961477059839
-0.2165372480114658
0.32445697950417807
-0.5372493462344388
-0.28532635780322013
0.8065239850509196
-0.6716417436722613
-0.6901853057477549
0.047458853125463385
0.32790383714916627
-0.7772466831263276
0.5501922070266152
-0.6679744878635672
-0.6980699988002088
-0.4295087478308799
-0.5214334926387181
-0.9399107800325557
0.9429388134213843
-0.7867406777091579
-0.18175034044392868
-0.9382600732374908
-0.25513787335514726
-0.15506696259895092
-0.9273055899420841
0.6599617732153096
-0.3489920609913324
0.8523832110503016
0.6524750158759249
-0.5504255234123931
-0.6913332787265771
-0.7837169273843825
0.9008448041285186
0.7831779954408351
-0.514247270709767
-0.7648406022146998
-0.9351933723353145
-0.9513671236001982
0.9317678972392216
0.3691353090214642
0.24495999275687064
-0.6129356328050941
0.23295404962934052
-0.40448397889849796
0.4062177034382941
-0.3726710303837395
0.541577115916686
-0.6734290107460283
0.6428118764785749
0.9023378856608057
-0.5481342057657079
-0.8394295560424412
-0.9351616666141509
-0.33541788916953696
-0.24979587286761262
-0.4796644654750917
0.9099155584706535
-0.3673403421043344
0.28475668611313165
-0.42073386251725897
0.7823635588132176
-0.4224434313038561
-0.22021751020556768
0.7830128252189434
-0.7163649205696871
-0.20311202226790503
0.06247232338112929
0.7456622176052612
-0.27843973848323356
0.6272571219044818
0.8752216985960846
0.33250887819285757
-0.9277056557875389
0.4093448658623178
0.21383055830502196
-0.6628106746963851
0.9176850300112629
-0.05270595825939073
-0.03780154444008632
-0.6808424724697038
0.6921053561718367
-0.30659271153826184
0.4866620810233513
-0.1118164480117505
-0.7533742965716299
0.6411289932260416
-0.19179986072116906
-0.9942389790212769
-0.5252738789752427
0.22373621431039514
0.9883093092280368
0.7190113706689851
0.5425791523411421
0.39311539105980486
-0.5555680473621274
-0.8491228297540554
-0.8717388740621128
0.49245602217025386
0.05339550045000441
-0.4589022934508258
0.9980774757903013
0.5386447572660238
0.10640114459979833
-0.3343334216695306
-0.7654832294398044
-0.9054036396056533
0.4466770541235574
0.05816994378925222
-0.5208244835055917
0.03871236344100715
-0.5490093935977693
-0.8853884328380843
-0.33467601484674714
0.22810934305474562
0.9087912329967003
-0.6159698638088866
-0.11138805197448343
-0.6957858335564102
-0.6921660884539429
0.13041998599901916
-0.6992592149349368
-0.2962255621148864
0.552712017742355
0.5971683228540956
-0.7902434471896429
-0.68471240973513
0.7228049194866872
0.31342565797190614
