-0.9161181250707635
-0.8174031543350415
-0.3694955862563343
-0.5541793061392266
-0.1637175569803293
-0.059463048336614754
0.3647740543744833
-0.8122704438639858
-0.8420229232001497
-0.9023124735088277
0.5093056119976105
-0.9265044479248781
0.08068506827396371
0.12822339785060244
0.8648900775900168
0.011021797097781283
-0.6793949376688764
-0.4225788031434823
-0.25401687213717583
0.6952595202309415
0.5414783023479972
2.2586705950855546E-4
0.1354430945830718
-0.13936302558007108
0.9536905111698393
-0.5573418518237334
-0.48957850282906135
-0.8461248223380893
-0.7576066659914544
0.7603134414786026
-0.48304329863101025
0.8013226226966046
0.889891669445392
0.6560933433056331
-0.6006619994513567
-0.2609164363332712
0.8423096807395059
-0.780298671845455
0.6313224298348916
0.680853964636241
-0.8321872278160225
-0.03567472799346727
0.5498024796930698
0.717520952138927
0.8634292086217414
-0.118680594625169
-0.04246134894083453
-0.5257794739760344
0.2897804894100102
0.8715897946488238
-0.35991401813167934
-0.40530873609252027
-0.1522048958135862
0.06277708278028049
-0.46694017533445153
0.3793998340307607
-0.5412539244440064
0.9842216717028265
-0.12059875968963962
0.7730567268006963
0.168718077634763
0.3470868784662098
0.13231862878714962
0.5787805443862388
-0.22912386885212688
0.26490594758870123
0.5880971116083942
0.7703090730709043
0.7236722928841424
-0.8497903993811069
-0.22601660654294453
-0.9197023515942913
0.8403942375323834
0.2357820503522623
-0.5301304841860415
-0.3381160114994646
-0.7647767110678878
0.6944826875799925
0.9085134465066766
-0.44765850555921216
-0.16676373069471628
0.6694627906339623
0.17755184971203875
-0.08821888227171493
0.386551058550644
0.1769956220656863
0.13757466067802415
0.5665046605522284
0.3860812726779723
0.8070309872901746
0.27404665904621117
0.2557523848194385
0.5181300868662475
0.4219734518925309
0.8168782133624266
0.16222732518944483
-0.6126786746110209
0.642076186255575
-0.8100385939783206
0.8009210081248446
0.11212884528582046
0.8062319902100803
-0.6059957632757313
0.1474050683672814
0.09653213228737445
0.3098336188604598
0.2795111460583235
0.005893327702694906
-0.2089077132401127
-0.25323330383222187
0.8327735931396762
0.04902098692088863
0.5790068334214422
0.1204886559533449
-0.42375004826017104
0.7054267035161028
0.057468213616459485
0.5395379000453076
0.9757299454470538
-0.8721352102694573
0.9319164029862215
0.27570838250204543
0.3501941810530813
0.843715438767864
-0.49945853371146254
0.8385145972913368
0.19629480559643175
-0.6285989603806585
-0.7213421208331108
-0.19253649567990871
-0.9321002294094032
-0.9196427137691816
0.6973374747207395
0.5640399076335214
-0.807842432718245
0.8788495505423184
-0.9920459136463522
0.7782026735276775
0.8570560696648901
-0.0669367779079042
-0.46594166898346856
-0.4704200382313033
0.2714638468930062
-0.4474596697126738
0.23426646229412174
0.2814417440394317
-0.9228411420564517
-0.3788272677547251
0.17461332744289892
0.5759192372903237
-0.016636144749773152
-0.49039512968782684
0.9560841599206078
-0.7181692559572324
0.0978249284434567
0.27403754886848364
0.40280692463883905
0.5018647769143723
-0.5555162778750173
-0.8719324114513216
-0.11134874006439976
-0.16623899774669337
0.8863107741848215
0.6683357394957601
0.5647463474642518
-0.4194784492985191
-0.7871178036340916
0.14139867545516616
-0.5523045125896473
0.7175742761379778
-0.4942020757437924
0.15837922053015197
-0.16196874820503138
0.9502015592493567
0.06105527110485065
-0.3044085512065129
-0.13928031266538676
0.03243764509562519
-0.873992696321539
0.9634765229000712
0.05428859847365319
-0.33097050910378645
-0.5004491262618185
-0.21717332559385527
-0.11757981747080715
-0.21505471337116444
0.647705177719897
0.4764144927549876
-0.19838579085316677
-0.2776932300500068
0.40275675130508715
0.9657864965336171
0.09079271751653617
0.012510794188684615
-0.4573366618273129
-0.24288036268511082
0.03348430411057168
-0.22830260987054585
0.5884235568469534
-0.1933201163955114
-0.7595100819541343
0.48061167626676116
-0.9893641312745944
0.8755636481357836
0.9106993164589028
0.9352970275051646
0.7024856564220436
-0.08495727522319863
0.6499920278505067
0.4929490844685518
0.05491462540102887
0.2679737075975346
0.10292231408206365
0.3876487824230015
0.2607425713304259
-0.9716252039123758
0.09915382415384366
-0.1464148895028734
-0.42197290460130543
-0.229588351059683
-0.7236252738600026
-0.931232403958844
0.19896296427573135
-0.960323611237456
-0.7863103029810641
0.5201199100196661
0.099137503709811
-0.5062166345824748
-0.005748339145323689
0.2912360502133169
0.7829743969430896
0.3859462075944671
0.8131599877733362
0.9869716937003394
-0.8052848562287904
-0.7956585190910299
0.7564197645664634
0.5344337006571576
0.23030036538847032
0.7117044495305256
-0.8009794730993427
-0.062178707970883096
-0.7359684683171712
-0.6262561750483833
-0.5950406722472321
0.21496299486750936
-0.10509193576380671
0.22160217863815523
0.8592985411362337
0.20628476636369908
0.7210492724678581
-0.4372701546368136
-0.37788586070281527
0.7223339098121846
0.3666291758413798
0.6361805946647561
-0.4335434427659557
0.5838758175176268
0.2142647296411453
0.30247796335186794
0.7472106307945965
0.5089696903175756
-0.6631845186147844
-0.8351581372950319
0.34500781486894416
-0.48567941485675203
-0.023932121697883613
-0.8622943086369175
0.6391094396513965
-0.4764035062657499
0.5817927672515335
-0.5899055097576389
-0.7145554967830099
-0.7867122037633423
0.9031807028611165
-0.004424108914426128
-0.1892480986582059
-0.22292042489059005
-0.08432516144625435
-0.38286435076352965
0.6810427062069377
-0.7474038741436062
0.4697374153072884
-0.45552923164965065
-0.437636786228635
0.3297677902763081
0.4641005618176679
-0.8171670622163398
-0.5358947631247586
-0.8520379884949356
-0.9254310868906572
0.7066969078389398
-0.660123979094811
-0.5105902783602547
0.11045612121829995
0.838167874714616
-0.5817942757230037
-0.010650379647085595
0.9242535456632817
-0.010816891752724711
-0.9548644225335488
-0.4912965128101936
0.4661451272540398
0.4182039643836559
0.142996131762952
-0.34701404256722745
0.05349721932603679
-0.20376581328880272
0.5244501077523998
-0.4284571032269744
-0.7835307460052872
0.633641788925434
0.24814025051117117
0.6341036335492476
0.5844049546525687
-0.6115973229473295
0.9620481909257845
-0.6429777901317664
0.19368143283928707
-0.24197682452731595
0.7529357196524924
0.03947367008400593
0.8262067619626141
0.6515416055538839
-0.5949941231421552
-0.029737468574692283
0.028774770657976623
0.6446476257674771
-0.8318131960460107
-0.22120948328670464
-0.6830003342674338
-0.6599001335130532
0.14620609503786408
-0.470878421526562
0.7335689073302152
-0.012737227462427336
-0.763109087466747
-0.5060272827980115
-0.5909304961021065
0.9587236642284347
-0.8081074311129626
-0.8041499224254556
0.06465708486133326
0.23859230339008186
-0.18969886572882144
-0.7345596586921321
-0.5006463081883445
0.9462260359248089
0.5403814685439345
-0.05724316124715445
0.020775717595227228
-0.8992371963303618
0.8359268048206054
-0.36556674128964395
0.5066084130317414
-0.6740129278282232
-0.5015078647092199
0.840944916610026
0.3251598400139788
0.001692586504260074
0.9340355580702215
0.9804313282939308
0.696842395257874
0.4868470731910357
0.7622605428215166
0.16118202184409136
0.24444567029875164
-0.5284947421128723
-0.4607813465563313
0.7927399975551412
0.4585797352132004
-0.7414442502942156
-0.5115028287524197
-0.9240333448917959
0.5956843366951783
-0.16697018158124322
-0.9164178770775748
-0.12469688437963766
0.1295143033205408
0.9458390950508393
0.08375234809474108
0.25185349895661746
0.29302766213085474
0.12045045188914205
-0.8018732638335451
-0.9761937986765328
0.47611823667160946
-0.5148524705429436
-0.0627488356793866
0.12109994214535269
0.28565003922699383
0.6401679364348065
-0.5911213727333693
0.21413189532474242
-0.07223278494796159
0.38814663012151174
-0.17563941252748316
0.12169615444765136
0.23846751466927452
-0.9120641268461882
-0.6956663737936013
0.8412305844004928
-0.8330554930201133
-0.363986086107311
-0.7928485388394206
0.6948419720598331
-0.19278222764676833
0.6363334443962452
-0.3492227273228563
0.04746865704155323
0.17708712127039572
0.18860356732741934
-0.8413824787725626
0.3289319537751496
0.8594624173912835
0.90663773270047
0.4320437192374982
0.6795164993216463
-0.6503647088745532
0.27254203960585
0.137114430713819
0.4391122405302952
-0.5069247347020966
-0.7608418678434816
0.2902752779436317
0.9128395097376694
0.7518493862197084
0.11231646756699631
0.33758065107697277
-0.6285290191664872
-0.7962221850773841
0.17609482518446629
0.34424559392335174
0.0828536310352399
0.15695555428773367
0.2684192506825107
0.8461034348832939
-0.6790750138965151
-0.946714494860804
-0.42901565175250655
-0.13819130824063297
-0.2381911881679657
0.9381826528643908
-0.7533897465071064
0.32439177233327143
0.4518652873987754
-0.8103733061800298
0.23879483043507377
-0.23696334536287167
-0.37953767181407905
-0.5717460070440943
0.5423601470388846
0.450719114904111
-0.9893759957527262
0.5711971097374111
0.5607325724303316
0.43060807781447097
0.11360455835656191
-0.15410507952570196
-0.21546343947265
-0.15610147196797786
0.718824794724056
0.24611173082308735
-0.042176511429835806
0.8040102500835662
0.5285001988899245
-0.6090798106538362
-0.8576038773692689
0.6968521871486906
-0.7633200617629581
0.038417718594667916
-0.3526684883541593
0.23411710047428014
-0.5646935725103881
0.6094624054483249
0.6599445852000112
0.8463385395461824
-0.014704082162483978
0.9927294234078907
-0.4039240814692475
-0.9252943596479708
-0.9214684180502597
0.6309047949267221
0.6817275276449788
0.5053987930650559
0.11705032999747034
0.42884943307089807
-0.9152889081066624
0.4874734895021926
-0.25140382646234327
-0.6219191871525453
0.034114326500066516
-0.6149140502281996
-0.07689722156762113
0.9579370520068811
0.797030422762117
0.43711984382514424
0.672559014339682
-0.6476978976995196
-0.8738620966692991
0.43203838834708863
-0.5328982098501791
-0.6882128446776843
0.8483572582532521
-0.646947571469521
0.4630707686964912
0.09477909314306077
-0.36604764564684245
0.9084606024033484
0.7341507828315916
-0.6632178390276049
-0.3329149388364392
-0.5657172502489889
0.664617693340158
0.9259948415326336
0.932971466661179
0.04107400742397438
0.08409501742159176
0.004079095805468169
-0.8565701503478242
0.07407259079647566
0.4361177720513425
0.06459581829091299
-0.0582497308641714
0.9655994549672131
0.29819266933525634
-0.21240551622307313
-0.04054340802454126
0.3808939020547344
0.9089320839544581
0.7273619012777874
-0.4583276303879018
-0.8066649328183906
0.008232026668626657
-0.7386500887171392
-0.48555718178654494
0.27226450921977463
0.25935338775187855
-0.6881822848051071
-0.7634947289177667
0.32639074715399063
0.7971572782705716
0.2677400889330914
-0.6403583247045368
0.11802254881352825
-0.9653648664559502
-0.7369516958456681
0.21588676123599093
0.2481428142241029
0.7602660772479903
0.5082864584289974
-0.4434932515101526
-0.590398376452882
-0.22837718996923773
0.7262812059266046
-0.5131962812483892
-0.48452932887016154
-0.1839595960056446
0.9084385959994199
-0.12755881140994196
-0.5681303688079529
-0.5529497722071612
0.5867977194881324
0.23712748862016242
0.1793381027509824
0.5556740782241962
-0.3920140902829057
0.22813413851423547
-0.5859063679640326
-0.20143653398663952
-0.0012640436769197905
0.0952666781787248
-0.23971776909749587
0.9203587570282681
0.9286423142825726
-0.6894537614088547
0.1365927400180631
-0.9444649315634761
-0.9956525014756221
-0.5499989656032576
-0.394628333037119
-0.5046085742946993
0.17036624648763055
0.7656070701393696
-0.5303574499919002
-0.881269752652226
0.34527125252644963
0.4945583418757844
-0.6468028598917828
0.7101656803210674
-0.41202169738622696
0.8846873149902996
0.821192892609079
0.7278887691580738
-0.9326139914098326
0.15899706333389263
-0.26654300769616657
-0.26689074259229595
-0.6003604088652701
0.1989073729747688
-0.030038778046509673
-0.3437162709670094
-0.9791952564704289
0.5949569749591319
0.42769958102771155
-0.6493698157401748
0.17875264984488215
-0.10465423363317017
0.26046481368109387
-0.5286791267517006
-0.14342700363526362
-0.6231594368929898
0.2177857110343715
-0.3808655030213126
-0.5191521729325881
0.4692092372172951
0.6365539444577741
0.9002403472650364
0.6216338030473711
0.0834878668600596
-0.8513669979768914
-0.42082235359879383
0.057017467802438215
0.5260274940415111
-0.5099914701311785
0.33998320200235654
0.553621862670229
0.4244062961278634
0.9318052986180081
0.8208120473267544
-0.494539419048484
0.14793449889281973
-0.19923959305265604
0.5502857730975073
0.17704913818485535
-0.42538053418850996
0.31650907422715546
-0.810806259455259
-0.2872998056316962
-0.2619003761847827
-0.4546953826603257
-0.9309360174907879
0.30244469814920794
0.8821959051583679
0.6545595924617427
-0.580490166685647
0.9360361185752659
-0.242629715415406
-0.1501387633814535
0.3891501259108081
-0.9699888633598837
0.6125215189187834
-0.6141205815675748
-0.009709582043644804
-0.1212044207840457
-0.732810723576063
-0.1351489389575775
0.43544468696775196
-0.6406400840838733
-0.10662258061073748
-0.3289085375416567
-0.015833976739274114
-0.390055754632362
-0.3071509396481862
-0.1627532282224533
0.38154599526558153
0.5068886395179495
-0.4751140818307511
0.8977694912328689
0.2451344920851175
-0.3203800203266236
0.7211450774601063
0.3573630815962061
-0.6550806995925353
0.5323621086537358
-0.181612645301219
-0.7130918451289596
-0.378601168413762
-0.7178479092619541
-0.2535084830279546
0.25664767778287123
-3.309523770949063E-4
0.3762602440622078
0.12830990965365463
0.3261753605746196
-0.4171611881279482
0.8181283392416063
0.7795610044289076
0.13303540827924776
-0.3540241172967489
-0.09054519929332527
-0.7589047558214554
-0.7434907351428486
-0.9978209036867192
-0.2929277155009764
-0.7674884088470577
0.9804287615962959
-0.2247390353884815
-0.9032219381989128
0.28524206833108523
0.3386226405591506
-0.6110840806571232
0.8022935656468448
-0.5051371161360825
-0.10113322540014202
-0.3298590535749961
-0.12395478399625737
0.32653070323480704
0.12597687569464044
-0.6349349199192131
0.2594734508660965
0.7140842336608584
-0.6380552816566192
0.0782348469525298
0.8540938277972159
-0.6875095428081377
0.4707881666440703
-0.328206032032738
0.2105483531296346
0.6949572851823631
-0.9819525737887316
-0.5011137518093984
-0.5785980888249702
-0.4698270452407569
-0.5103714647361366
0.4959996585851272
0.09445351177316486
0.3317754624303615
-0.49804140035480926
0.12186318834973187
0.38684797195015563
-0.7587065374431536
-0.7848159612874692
-0.5941043382561835
0.9962896724885137
-0.5125570844118807
0.23340852358320974
0.9570978296095449
0.7341748715325664
0.6588029186774094
-0.8392674219538174
0.6846703881857121
-0.1535248412465362
-0.26646477780470845
-0.3208771899938898
0.19452867266526508
0.6017206241711939
0.9289530819957039
-0.4760958040759846
-0.6487210217855652
0.8314456457560888
-0.13461532006478638
-0.9450654131803597
-0.6668919918281864
-0.9130221238006164
-0.7170823576425378
0.2562858671452537
-0.34256827748160124
-0.13253571685235133
0.6062523800891035
0.9445225865542664
0.11803676620050885
-0.022454507796419998
0.02203088838155609
0.7254335382476733
0.3498410612159877
0.48910488001332664
-0.5853501159887975
0.8113379842448316
-0.1747106206912139
-0.9899663162700423
-0.49929240658022955
-0.8041458499539158
-0.5132099513310462
0.003970247051908515
0.8088725277667568
-0.1197180825689228
0.9324913418785767
0.7584861799545322
-0.228894060074891
-0.14448056923457697
0.09808434459620519
-0.7347916055474792
0.12280737100195993
0.3656964631356059
-0.28478835080991294
-0.2461186621325393
0.05359587617427097
-0.3855250463939468
0.47745084255200076
-0.08661067879053763
-0.8929219314924979
0.5222319733357321
0.8077327839854538
0.9362748420308873
-0.3029040078060605
-0.5978940963307864
-0.6035551378097332
-0.5606959040145534
0.2895888311786561
-0.5048475439989746
-0.7326391040749849
-0.9588535571960006
0.7933406978889119
-0.81037705622791
-0.9710712965453303
0.9192501722583422
-0.49046909777704384
0.44664218633505426
0.18133834995235687
-0.978486512597222
-0.8908592842840943
0.4643301158187654
0.8751838020405442
0.7743635202746435
0.5389127467429269
0.9346756078221712
0.3554213932789958
0.10737343936837473
0.500699460662613
0.3822375861112368
0.47471959719269674
0.4055621294923648
0.20567772327162137
0.021013514002746536
-0.8768147488846845
0.6040378278872072
0.4740472320910727
0.3255815139934677
-0.8031592597624277
0.055661359728463866
0.9324708377197797
0.08488731725795229
-0.18488043522861153
-0.9690792088878146
-0.9443437776613954
0.09181365849755951
-0.10196417058038576
-0.2497743202076741
0.10511758835314633
-0.18106541075739901
-0.0734240094840235
-0.29765646265892776
-0.36270130123094946
-0.5593766548882741
-0.2647500598097652
0.6687172867215734
0.18487702379939885
-0.6160520376307994
0.523631036730124
-0.6480815306533261
0.9592109320338948
-0.774446024794524
-0.07589665324231976
0.7975057718727063
-0.021467992197934604
-0.800999944558908
-0.07407349091340576
-0.0979252125468133
-0.10437499628141356
0.8367768641444626
0.7311189573659522
-0.7836996448370401
-0.019621321389567514
0.3435067065529225
-0.7944502676792704
0.9802879606477264
-0.7932683527210753
-0.8184152156545008
0.48902149986099874
-0.1304326513013998
-0.7998221863992414
-0.95220848091697
-0.4589833813214308
0.2835759393038084
0.9211360319254129
0.9291678055891022
-0.07583028658636404
0.17449587610332884
-0.6088692126276305
0.24871354195999817
-0.034580412304976216
0.39282466271858185
0.512869151622122
0.24623355552032966
-0.4148143590601425
0.31707351040421883
-0.9080577770336558
-0.31307886526856543
0.547802975254271
-0.8614950845232814
-0.46298236217120037
0.7500354016260973
0.6618420545705754
-0.41216503890302536
0.39703227777010675
0.5222941813439423
0.5468287859513583
-0.8806568098491123
0.8880338087865822
0.9053693216140766
-0.016728234015256582
0.6088462034048434
-0.1310394703548199
0.9441374200402779
-0.42420542265901284
0.4755096683341635
-0.6552103766577682
0.5921041406730965
0.4845600476729979
0.8034862117774904
-0.4928751630249044
-0.24731293181617886
0.31806661321453067
-0.4821154082936958
0.5664352345241628
-0.9301944401865625
0.9307840510562231
0.9605893015917728
0.1867963186068451
-0.6115062670662288
-0.16800931456113366
0.3149669248907938
0.20312686884763131
-0.933982165796923
-0.8124395673749878
-0.7554898334050768
0.4825545277374481
0.3862433246451973
0.9843425643063406
0.8389865669034238
-0.7143156757690063
0.2147653585411049
-0.17283541771389
-0.4973256670699906
0.29018404022482547
-0.2704206337512902
0.051381445504924184
-0.22721650859133669
0.5582424697737041
-0.42816402307472035
-0.640716306738065
-0.7778236591983971
-0.8389044073986036
0.08348866880362116
-0.9734318400572148
0.5790158921484627
0.9179577704348545
-0.5665904889486741
0.8754658011305623
0.9869885087319734
-0.23666574313170563
-0.6191872020961173
-0.32598912621360254
-0.06674007600180665
-0.3741664804916516
-0.8154068993164749
0.3963278807184518
-0.21265763205167731
-0.6167631216222194
0.7394483591131153
0.8667011625335099
0.12256348854339949
0.45272520426486995
0.4044266267167831
-0.2894147374562408
-0.9671545122590772
0.881801397992209
-0.8132021434442362
-0.7513978417000318
-0.4889831814551595
0.42458952374395986
0.9539201534964317
0.9949645187493543
0.6208961518617073
-0.980169163829921
0.1680343167534637
-0.24034773491067973
-0.32609806234353567
0.33103867778146
0.2736861093729861
-0.9959368915964935
0.9119584428904013
0.5659138002083097
-0.6852580764280227
-0.9372541418978579
0.3019837348626331
0.6612631035289287
0.6177287233034015
-0.8807826192355974
0.9632601201319348
-0.8986951265634349
-0.549505201614666
-0.5882455530471526
-0.5224945994485042
-0.8686153191183592
-0.5500466678320808
0.045442032671354715
-0.12752422653357653
-0.06423359513395299
-0.6900628302996632
0.9996502105892386
-0.5765498558730391
0.46730329994971287
0.7299575550734101
0.44550343822273386
0.5829581602560965
-0.9515647183939906
0.9479266640167192
-0.6742054059789788
0.3276323126051952
-0.39290120291219544
-0.685332350333125
-0.6998107236487678
0.0020792093526584843
0.46777603863763595
-0.6846961421420206
0.6214543365885352
-0.6568203338146725
-0.012948564259997575
-0.7976183556013376
0.28383662113674735
-0.2157551340918311
-0.9953162160495939
