-0.5826652362511366
0.22158375378557116
-0.8771079152374939
-0.0057665712453889295
0.09654228353079342
0.3677103285144263
0.4985860647199749
-0.4077405999673136
0.6430960919664814
0.6011897667980088
0.05035548384518673
0.4114027635564328
0.3492591007503649
-0.8869222850783516
0.22383717696334515
0.8823334007289401
-0.47276348508457056
-0.29439646273528486
-0.9491489333307128
0.5158551394121105
0.7924737488204134
-0.34409490047492874
-0.12177122042261779
-0.8935334344407917
-0.5722104213134092
0.0059514825772124524
0.8863705728987521
-0.43851967572281136
-0.1381470837728902
0.578274499364833
0.8890466554804841
0.24614362854029692
0.28965235240653464
-0.598103326383091
0.30634914517951106
-0.22378358155817635
-0.23075258278126398
-0.5698916988961791
0.915592732043214
-0.957018242338096
-0.251767420969234
0.44151209343020636
-0.9896482898746779
-0.07832457564837902
0.9049841203000921
0.8380196281105243
-0.06428826226054207
-0.4071589043116577
0.4339015099482444
0.6882489498569158
-0.38179396049113645
-0.30287077281001484
0.4604954383077935
-0.18796099543151956
0.6717956279422357
0.647576888671157
-0.8586849665903511
0.9615619042724333
0.9366441498588822
-0.660581538807318
0.18534768250204348
0.22677909309109467
0.8953282166506418
-0.7740045277476211
0.02766535661458125
0.6777543079499233
-0.6884846249551599
-0.7296534048957055
0.6927317661305812
0.9536006606780145
-0.3509681078591482
0.6355773469630479
0.5039259259759943
0.017605472115739484
-0.645367006432715
-0.8568778859213746
0.22747784302245
0.6203420412301557
-0.07432014829452194
-0.4934711175601485
0.9831520391121269
-0.8526572795223799
-0.16568289561454308
0.13941075890369348
0.3106573815684488
0.4751743404887301
0.8426356589683976
0.9397258072587031
0.14989934134591687
-0.7804792281604707
-0.9813033388195236
0.8685608041615089
-0.8251657254529263
-0.6688545288207619
0.851182620166185
-0.6298890369187391
-0.08517649037163655
0.3803705012281082
0.26083224129853955
-0.27943629126769687
0.40402805301913447
-0.932025167907901
0.019706317702876452
-0.7528915781692282
0.7185225865089067
0.5101805957200802
-0.8852768701752831
-0.9756875204965325
0.6924512964881764
-0.33233841522956586
-0.0702086182411199
0.1336166383083286
0.3486851925634935
0.9232731252154567
-0.22873969006705752
0.8627205138265488
-0.8639156477466254
-0.7395309283064255
0.22429653861534016
-0.6748563838655555
-0.06539298132344817
-0.24586305332276281
-0.896811521973202
0.8962631572744324
0.971149083622999
-0.8421526687509953
-0.653530879217106
-0.4093542985554186
-0.7168622313949027
0.25628048362309075
-0.8918608334450104
-0.9534951534498157
-0.8264554337999745
0.34885710274750514
-0.49083741414218607
0.13663335475256688
0.22012144495951413
-0.25963281155789186
-0.9612020708966453
0.3911737015706549
-0.16669240070260116
0.436656665826596
0.4332187209327891
-0.603894290874363
-0.8986079552788948
-0.6218050239976332
-0.9907325528701207
0.12234707732624917
-0.28184040431114
0.49161542903768574
0.8940775579446991
0.7438769819629714
0.15738781075069475
-0.40091639332534723
-0.6333103231426691
0.9193092391853861
0.9402032382934797
-0.20238473076467978
-0.38432274206807815
0.7398568018411991
-0.16455426712065147
0.30523147115085836
0.6171892682190223
-0.41235492542359276
0.13983083952884257
0.9681032534418725
-0.44929335314318153
0.0018473538059708972
0.8038395791459438
-0.3673954220093405
-0.8047992663776209
0.31613107922126216
0.10090741940199699
0.40845774318386874
0.08627258646013214
-0.6905806997350517
0.7816231954761392
-0.5160795669286244
0.8652417921409199
0.4029871881270235
0.21129024435801358
-0.3987694556021859
0.2140451757273294
0.040429693785684284
-0.14165754132439434
0.56028894132236
0.04519570962602981
0.8030510918409111
0.6827483048912701
-0.8091726437785449
0.20394268331155674
0.541743675040981
0.4676773677123276
0.1180731838315956
-0.15983510356363406
0.3474380568319144
-0.0556568687874055
0.34418934568111137
-0.17958074880327324
0.5357229188854542
0.6790777624689621
0.17753239442094437
0.07595797232866208
0.9872485908592672
-0.8766654409121641
0.3640381462945008
-0.3795825661418213
0.16404314334653125
-0.02854559174019089
0.40980961624868883
-0.8787263520074566
-0.08711345994280761
0.02767312826305912
0.03124697348923977
0.37204853869861965
0.7704032719845857
-0.847011765061199
0.4288266456578804
-0.2123569781744954
0.9005497946833947
-0.4558581237742583
0.6528998121297322
0.1330627277086669
-0.9763113908910839
0.5911205864801559
0.7146486395210057
0.09619320929699038
-0.2625434074079285
-0.13378988131199532
-0.7073978411858228
-0.9718281091668217
0.48315069281007905
-0.5832137881243409
-0.10511893219471147
0.20029490187553267
-0.9226303877199162
0.4656617560238363
-0.8403952473062395
0.2642873254984981
-0.7928337998035551
0.866952106549953
0.6106610746847569
-0.746843927486696
0.5779802932240894
0.22206023511034334
0.6333034049467385
0.4227352476829662
0.5071375548943264
-0.5704753943099405
0.6938066004756416
0.5094246183771394
0.6717161267002478
0.6241131379386657
0.8996777464674623
0.5675120646776901
0.44809738768212903
-0.04531307028032061
0.8816847465759539
-0.5501379464877421
0.8215334293101015
-0.5430013990496088
0.6762299922462942
0.20864224120483166
0.1975799324515477
-0.6032699249471893
0.7963625717730349
0.21815126564515408
-0.3867424771596186
0.8897161341337572
-0.998011654959031
0.6597014489996282
-0.17567871515115696
0.35043935466536125
-0.585397408138534
0.15890046471304808
0.5360337714534935
0.37652447596914906
-0.4308646529461939
0.8285669523548929
0.6483513822718014
0.04609890047401044
0.7552655599875226
0.7459057561810845
-0.1975487640763387
-0.7134714384801366
0.572825489290943
0.9804581730539488
-0.2559600843025236
0.9671771324155718
0.010682814563726106
-0.31026477330611546
-0.9400983640437373
0.6754789103098995
0.5557531174748915
0.512329729917453
0.6976591661267664
-0.2452447769059536
-0.1514389447082638
-0.4863032483947747
0.3447362296715222
0.11384490033713823
-0.7759653985401165
0.27767964307032544
-0.778974426210429
-0.43723895865202045
-0.8890182403686688
0.38725203940342223
-0.8692169222273232
-0.01477483964213544
0.7109655835038846
0.5008348938461067
0.7227831372047135
-0.4719281595983107
0.6370576383177258
-0.4940605048947855
-0.17621295183995844
0.169157545168795
-0.7347825339381557
-0.18022274604762
-0.5611091474302765
-0.4804531820526905
-0.564190718961876
-0.19313159726542706
0.5533354010401204
0.5223908978424432
-0.15996546440065673
-0.5034286189005137
-0.7761231713613339
0.8300536035827613
0.935823422294283
-0.691153244360512
0.613830937762154
-0.9273190406661458
0.5599944078762471
-0.6655417711733815
0.6044213024642773
-0.024450154343924613
-0.461743470095052
0.8662057265014753
0.4060755981347437
0.3391738066062788
0.5418948750307475
0.3406756634193919
-0.8031685555176693
-0.7347167772157139
0.19974516107609608
0.6253824948432483
0.23102710040254149
0.6934379726997602
-0.9536711286620834
-0.32593041102727693
-0.9100297471796996
0.3071720802774369
0.2717863265568503
-0.026675412197929127
0.7872906890717872
0.17520909182619748
0.43651047406038646
-0.0834427500243089
-0.704798096232395
-0.8875707134209772
-0.6768501110457099
0.2667779735148783
0.7239087486774534
0.6769086252462195
-0.07908531555460008
-0.792494628277715
-0.13508356056521675
-0.03650835593614077
-0.8281140771993649
0.1315216307490048
-0.8999890403716153
0.9109996318429139
-0.44370730170821115
-0.7199133592324625
0.7811957870098554
-0.29068250599181455
0.853488958137897
-0.37938956820674385
-0.8971128269220872
-0.9257581604976759
0.4876259326817667
0.9386753230877989
-0.7838159348549718
0.6521150139857677
-0.24821756245516813
0.020689822202385688
-0.12395433394483324
0.6229087576983467
-0.09841878134433157
-0.983654015899351
-0.734275515193616
0.689563653789711
0.6190846974236768
0.5954440301015822
-0.191180912084989
-0.9269709275092304
-0.3299710487904324
-0.6484629530236437
0.7578252487767432
-0.12340871736044456
0.712220563430725
0.055240588289451775
-0.860918838326814
0.23971525804919014
0.16018763457402319
0.8229418569953582
0.23751709987105274
-0.9292304913254783
-0.22906062087009627
-0.9579663083923489
0.22063569132536243
0.8296410051616152
-0.8120429835147598
-0.018310013238530543
-0.2703349736373837
0.8253895199750678
0.06530309581741056
0.41858877048429277
0.30684151986196584
0.8007312204043493
0.591001476168715
0.3198808092753662
-0.6187034786402232
-0.8057187789619926
0.23860680721850214
0.6510910266367045
0.20203470595542616
-0.5968738780738287
-0.6018522180035568
0.7145323269977888
0.585008919532531
-0.38756191154684894
-0.8276065056406647
0.07419999891627849
0.6323116683398351
-0.6845178128544018
-0.9283416678052079
0.08600738821513909
0.6850184016437828
0.5165099981660883
0.6001265117043719
0.32761306919375954
0.6872346403654683
-0.20932737429634574
0.7989428173723909
-0.19001985527353282
0.8674129667672925
0.8692268504064187
-0.30391858405052696
-0.24679959159861053
-0.8159769801646113
0.22494973063959045
-0.689728808516685
-0.07799528174824988
-0.6638277244285822
0.25181540857882
-0.6339797337701616
0.04177330405477542
0.30579191190309896
0.06463176623080935
0.19904977240782773
-0.3462507872974838
0.37651623241702925
0.6884716268533069
0.4662105186735641
-0.08145078126291239
-0.6345982965417987
-0.5356233588436845
0.2212236716903475
-0.6600427963725042
0.407145462968433
-0.13304871491658843
0.6773511523216484
0.15637529735103906
-0.9535200183198036
-0.3888951086855086
0.5503672703087694
-0.764800858380227
0.6229357189784608
-0.0806587495078741
-0.7400312993118103
0.7057734491038308
0.973179113646732
0.12763477229748665
-0.534973896072416
-0.7205236476589165
0.3296491434291382
0.4270738718299545
-0.5821547849660076
-0.7691310544520649
-0.03976855957362857
-0.5299081780597528
-0.5551280807875933
0.3517402040601849
-0.4277759150376139
0.8142471383692993
0.4960410869470664
0.8402654073231626
0.7948650896178031
0.7331550223942158
0.15223386232700786
0.05038854421565753
0.1582073037530003
-0.20668717368253486
0.7400753076462028
-0.6980712085248673
-0.0978576551356014
-0.22279728809472354
-0.7244318874665789
0.5398024974407041
0.6778895276014605
0.027195428925277376
-0.1571748769743715
0.5311423430247679
0.7452835912072069
-0.9085799073760898
-0.28857156972210096
0.5019855924498533
-0.37729196351395333
0.6719043461933454
-0.9942919060093958
-0.3594045346093653
0.31253902812502865
-0.693068411064736
0.06150024560768341
-0.2676321517108564
-0.7965217076657434
0.9637013704937376
0.7407087148170561
-0.6583310349229294
0.5421707369909838
0.7740196493173583
-0.07873922879748485
-0.5811622440748336
0.970017085258942
0.5148870019915488
-0.860187296606761
-0.014020926113041954
-0.9628923326767518
0.11749317170933149
-0.06317260666317792
-0.35693618290093454
0.833719764362129
0.4822665125970378
-0.1615896736850213
0.036242450752343114
-0.07916430357430393
-0.8157320350381887
-0.8934426534028437
0.143169157566162
-0.40534569252600483
0.27236008209435414
-0.600767397150614
0.2555254158079492
0.18608599734837705
0.29722142797350837
0.3039605531417837
0.876820623327563
-0.42526599183157
0.9474180890903121
0.3433818252443994
-0.596060634518959
-0.6121165921724285
0.22938420181283536
-0.5015114123764843
-0.576204167729067
0.45853238378883976
0.9963044648189099
0.5550195390444697
-0.2681553771551095
-0.9674821883820688
-0.18746871064697102
0.6507622595102966
0.7670901709720772
-0.056698379110376784
0.6343112339041417
0.28627400203503384
-0.9413740017873542
0.5140006868124456
0.5942349953882238
0.7587997755468334
-0.508373819105604
-0.7002419126788242
-0.7040342952958372
0.488930190970283
0.7261020608991167
0.949569877266228
0.45744237547405353
0.03180888306261731
0.9396281134993962
0.44519648068358775
-0.5151064325501971
0.6994641809917759
-0.7843695118435592
0.7658041307722505
0.6166396209660354
0.6681045843405928
0.3617239941971955
-0.3695039321289115
0.6448001227597153
-0.7960148691948221
-0.2820276882249868
-0.6130888097380798
0.9046656065633136
0.21371542042046854
-0.397162219064892
-0.6574193996664364
-0.7843679208187142
0.709646683621513
0.4449776518730588
-0.12324933124575788
0.7642377579879174
-0.021759057268946114
-0.6380660575479136
0.5238951064574575
-0.46101727651512303
-0.7509093854011397
0.9721549090000459
-0.11384493780721572
-0.14174808523585414
-0.515477597649866
-0.4353228834970839
-0.2895383029646499
0.7768026490407935
0.5444855927733239
0.4011864958156355
0.7571110100627041
0.7129194798386844
0.42868958821065184
0.8880694263996713
0.19007688487194585
-0.4925215563248102
0.5577224726048948
-0.3685467864201837
-0.8646366318344942
0.3078037843258081
0.1271459483598396
0.9761277436453089
0.7822131952456952
0.16334234189817032
-0.5466698992858743
0.5296299821868957
-0.05699506639931462
0.026818288566018866
0.9270550000958759
-0.61433665910355
0.34118722554707914
-0.02632495081478714
0.700672769813171
-0.7135846282943055
0.06261350716342773
-0.11575069225830359
0.5568897309550331
-0.19877310641751866
0.5841568265046468
-0.42273619556799513
-0.45800754395907206
-0.25054260916111715
0.5844997739574369
-0.5601341912676976
0.8936086967284682
0.5582808124820329
0.34550993584887
0.9685792442694934
-0.44714116564902096
-0.9784619750327133
-0.03137226786444702
0.31717832570278537
-0.876980211675275
-0.9863384473404255
0.8592075133074828
0.9416322859930526
0.5215881369006654
0.11307923251184171
0.9727707780382047
-0.26109008636324105
-0.23010446243012717
-0.19760523976829925
0.1706430630788902
0.6955747865076634
-0.6258050035205969
0.9380324303430272
0.6984651627411878
0.993741559837126
0.5744017235228907
-0.4800748575933764
-0.7204189116308171
0.7661052387464915
0.3714386528489604
-0.5577854206981903
-0.3936755799788558
-0.7516054297256265
-0.30859814700279786
0.8688239669699296
-0.8842624249130477
0.9467433076682439
-0.695473542960255
-0.8468470845369096
-0.1477239513834505
-0.38088799192149825
0.18920036465073653
-0.19096322298530688
-0.05143597028242275
-0.6359656370174382
0.9160371094582689
-0.059499053532635404
-0.20371596610857323
0.9166026696302878
0.32428651938780795
-0.24926659247486116
-0.6672013099881822
-0.6292522637969777
-0.7273739546908011
-0.7239117795124128
0.035118774901659267
0.978508826181663
0.568642049952611
-0.6711767974636698
-0.8086537304023842
-0.5788697980962838
-0.6839242242838157
-0.2173333787325995
0.8107378678606629
0.0034612611643853874
0.8661744877541402
0.7981975045779153
-0.8629502789605168
-0.4077220809593456
0.31925316591120256
-0.6395850333591773
-0.8541607923038319
0.8007837102852975
0.09483925470348997
0.5887626876534362
-0.3650840404003297
0.9156890623708664
0.4735366227893818
0.6802655133357383
0.5581498139913863
-0.6300909426243833
0.21101257221379632
0.05932519451562546
-0.893641817140699
0.18305914303406778
0.33427548612342806
-0.6668862866623839
0.7050124837522425
-0.2764299959598424
0.05267787281242531
0.9893920432042915
-0.42298277980801013
-0.6096172764552825
-0.6491559258060227
0.4239746309007
0.8098325001022126
-0.6311732700132946
0.27798813904469366
0.8479484275199867
-0.030275259036776303
-0.5155772933045264
0.20785296125205788
-0.09985220238322645
-0.7780523830664585
0.35999391935473435
-0.5842331597824273
-0.6217242279080648
0.6441700550934446
0.5756104416838759
0.20408022069204712
-0.597546219481708
-0.03851697292426648
-0.6624703747797944
-0.49549018284314816
0.5378721796377992
-0.7151657263687268
-0.718560727624107
-0.6043155784102312
-0.07139577427518007
-0.3992456895073244
0.46694857111305477
0.2964504726018249
0.33253775190524704
0.7387527732132666
0.364413355407857
-0.2697370977543463
0.09776813106893179
0.33378088963315244
-0.30817729554918505
-0.496748861048377
-0.41631222012465074
-0.09533013383290112
0.32861483497641597
-0.1016833237460637
-0.6946026231907922
-0.41452783111775715
-0.7850695764667519
-0.9401170339139095
-0.8320444454391336
-0.7248527987201527
-0.8610482466390112
-0.8713142519424484
0.5573728820584958
-0.9879510402558307
-0.3783814702021906
-0.11674358878621183
-0.2318517738868684
-0.7668110523779179
0.7271489346621713
-0.3454839406007457
0.2725351461919727
0.24426294984937225
-0.4405619263389202
0.1021657612547886
0.6746171496462026
-0.2950539535913359
-0.5514554662750413
0.07632138169262492
0.8426606769736185
-0.775023644519617
-0.6118827335225223
0.23510915876323146
0.6761062199977947
0.2700620617463083
0.1537552178871311
0.3487025529152219
0.23894745371803405
-0.5073354395872454
-0.28606613626323263
-0.7074526914224288
0.5791400957716677
0.33122304935926516
0.03927122810903483
-0.3827136541325775
-0.5459284320238513
-0.7375958957169597
0.22254937246780693
0.2801631557673494
-0.6049852729037917
-0.5555258321417238
0.9410451960959374
0.6324463514980461
-0.9311224804905132
-0.3440916982605642
0.724367651882827
0.07968504151216638
0.7334533838449051
0.41186531753370303
-0.7648634846878484
0.9663691625181066
0.7327652488147021
-0.06782647386066953
0.826480722165682
-0.8161641788032172
0.44198977918959503
0.23798839712753717
-0.9905263327168485
-0.23997302559491285
-0.15316467401939748
0.07029806652035342
-0.8547365883347942
-0.7380296529501027
-0.9698584402620183
0.5519685678733164
0.6707973888696388
-0.7733793212193782
0.238856017889302
-0.44396342329200045
-0.5263194932366944
-0.967035827860439
0.9174361296553328
-0.40352766122392536
-0.34915287338672996
0.6380547003744323
0.11911375785185663
-0.2763478108008093
-0.18263206962920298
-0.5780844348716108
-0.9556484117164568
0.38529448989231896
0.3758526952625245
-0.9789931968087826
-0.8937899010599164
-0.49537082142558875
0.7135510917799703
-0.5227766203228543
-0.11476475960421495
0.13108681149493662
-0.8366053554391351
-0.7108450633427972
0.6118673158548562
0.9348080831649974
-0.2531375744347901
-0.9753961933269844
0.40226202646625775
0.5447907801911536
0.21069499808593495
-0.9618760847706174
0.3738054832728319
-0.7284931895218487
-0.32387905066372324
0.5346075845956659
0.979495615215324
-0.891662924627362
-0.6615988619349558
-0.2702855656221712
0.4257530912037786
-0.9278111248529624
0.0861363497738894
-0.8197988716689188
0.8761146399199953
-0.07782619625386444
0.6539254089265181
0.4919766054764907
0.29365427862019367
0.08624263763524276
0.9785997263976396
0.5609734348683402
-0.7621339690114939
-0.7708132921472466
-0.2015969504006081
-0.7383092341673927
-0.2928655074283546
-0.6885671138219509
-0.7838760355681229
0.07053125761383994
-0.7941910753332548
-0.7834266693675851
-0.058669553824262755
0.4958181189191768
-0.38471230125098765
0.0665881682538072
-0.766504089076921
0.3836459723800587
-0.8385892721537509
0.19723377119166585
-0.8130531635112579
-0.821516441290741
0.7958473232400769
-0.5679143537984679
-0.06979695764772065
0.0397127939405415
-0.3529414642805331
-0.22775959383729427
0.5564215923312881
-0.6499468711315752
-0.15319670851756406
-0.09030348925102039
0.15829699161116872
0.5990872116208292
-0.9989523240329043
0.07594961414318346
0.20990962972285243
-0.11513118656916599
0.8495283127306539
-0.3466458706013209
-0.2803435115250128
0.34885887068334487
-0.7538892300617108
0.7053170878430794
0.0725375050831576
0.7442030054071327
-0.5075251627295294
0.12240773991875842
-0.7132877248440828
-0.9653729025762956
0.2705489205957692
-0.5650197964381061
-0.471617386390055
-0.5690046649515152
0.9445063860399536
0.5089237019732695
-0.8393037320519614
0.5948394421258727
0.8410281643669004
-0.680330892871732
-0.6534916989609658
-0.12706616831410056
-0.733075245603791
0.7905973108539426
-0.7185221605280656
-0.62574329236326
-0.5138964731703426
-0.7144902375921625
-0.49688321645659617
0.4604438906307189
0.6532561787399374
-0.23916250072753842
-0.5969504329641835
-0.2068940877866583
0.7895327911944188
-0.1882192145757775
-0.9361170895331274
0.46614649751477666
-0.7141411232927217
0.8875866116113267
0.8487244424527534
-0.05151542010250876
-0.8675568013209658
-0.19531285371382423
0.7905312159920821
0.5723488388293905
-0.9015858593296029
-0.6475616038437417
-0.23989190417508288
0.1245783882163356
0.4234129662206758
-0.7352872443191083
-0.3642816443347989
-0.266870280382824
-0.7666360832031005
0.1216160867838263
0.25390750709379817
-0.31174516369329486
0.8555302594766336
0.8491146753997905
0.7902839550223459
-0.9024179024880228
-0.5166428462823427
-0.599626652901772
0.4006392661289844
0.34659539539544326
0.22949247513304782
-0.06887830018632357
