-0.4619842198684716
-0.9208641981377126
0.0311401856556901
0.34832688557039426
-0.8001093354336541
-0.7423801270985317
0.061875332786401005
0.3346329478687988
0.6562065529316159
-0.9038601651232325
0.4407500441641985
-0.5839273569534482
-0.5627118139332725
0.27275137078086287
0.7040126363820192
-0.9840988121136307
0.7294171296804497
-0.6475638431287736
-0.9736388162302068
0.975520950935667
-0.25072722883716536
-0.9533535235455661
-0.7181445144765493
0.2592021349010081
0.19921572711150293
0.9193693017921711
-0.9197667694408471
-0.8875662171531127
0.6477140117075106
0.5973887728122738
-0.5089051061273557
-0.6111900542170825
0.05616366914748716
0.12250301212621095
0.07662263891051424
0.12168415877088457
0.6128099112990786
-0.2739703605111854
0.3242039993140926
0.8406529045761668
0.536426938991821
-0.9889867981898224
0.6035321316577265
-0.38074244551304415
-0.4231311167778191
-0.7048757544725281
0.3684592833192475
0.3891219214391055
-0.43344367009947904
0.6973199764374494
0.48208192205507805
0.6670707099443423
-0.43358340729653655
-0.5560873408229374
0.264240120425969
0.5156026813156991
-0.09825066403347771
0.8247712867796826
0.14381592779277308
0.2934201388281399
-0.302059166757108
-0.7520405556739631
-0.35608047091853146
0.5515440611978271
0.4029058886177348
0.9211910971169612
-0.16374532515492568
0.2918735132380954
-0.7774137366747711
0.8310633621941239
-0.6283423683590388
-0.27112515375727697
-0.6022094115774765
-0.10389584734274893
-0.27299206251177965
0.6814152273128589
0.8151120293596814
0.4372502944676846
0.40441139512506163
-0.22941787643518108
0.571613672014367
0.43945000402074785
0.4767595126247086
0.7106601034895315
0.8024247419021848
-0.5293383229493704
-0.905527437140512
0.15426274321623845
0.332343825665383
-0.4204010159823832
0.35143638498950636
0.7889464409229516
-0.4730013163810831
-0.9888491695397001
-0.7461536199753627
-0.3185387301213092
0.09606447437286403
-0.8415179354621867
-0.5561248268868972
-0.7728785392162758
-0.45950331537901445
-0.18660018123313216
-0.19921639561612237
0.48560645553093673
-0.5623130886917493
0.4816478401244493
0.07529788909954616
0.17083209139529676
-0.17709653087692034
0.2973695062277253
-0.6912215500783947
-0.8886411629492876
0.5523321200101086
-0.09894138924712537
0.9469100660071528
-0.39086735708819464
0.7224841788991281
-0.4621052568391617
-0.7216552688575029
-0.20181804904871647
0.9726941922345358
0.5884382590439752
-0.8880668184180973
0.8412225380144136
0.8118806374469758
0.761238080365432
0.4518829004664864
-0.3990502158873266
-0.012302374021759821
0.25698420735824423
0.3383844470323685
-0.7158734128989785
-0.644342133379973
-0.643586548104331
0.9919504699883117
-0.5195972708096792
0.7077609446517195
-0.9107433880648765
0.9329156958810998
-0.9958701431400219
0.5846132259227699
-0.09090690861476758
-0.1567520115044736
-0.0037353215376294546
0.2219796520746824
0.6290560215417256
0.5960250227265951
-0.14521985775668034
0.4721607011292932
-0.7340897010797902
-0.9013662644339304
0.7358339569320316
0.7925401149049514
0.8951037455802029
0.37895226620085
0.6042702248406095
-0.7918968554446171
-0.8630305091846349
-0.3105212179013539
-0.889140001710699
-0.4683222402979801
-0.5256643326204458
0.3125721796717136
-0.06498747466243926
-0.934895796118232
0.2443774158898937
-0.7793240781762756
0.6555191649030705
0.506491608370176
0.8526232558828144
-0.22140336270522232
-0.3017813540151064
-0.14682640877470976
0.5246070451035558
-0.7293861897759872
-0.5416988464880863
-0.2830722505791754
0.7407337780541225
0.19339940603964778
-0.693703633941871
0.6574769972218923
0.3925070197714826
-0.023570110081970075
-0.13938056751194594
-0.10775582886973023
0.6533421390132623
0.07477520382435054
0.6458762733093866
-0.9452160111061847
0.5747692828056385
0.2248539902785951
-0.9450422665118983
0.5512698073523312
0.4989070823790738
-0.9380542749834615
-0.6057187946605087
-0.4961338949642682
0.5206667500211144
0.26895503295044
0.7153649853826074
-0.7282302994785836
-0.5617758966764774
-0.04087446937301986
-0.8777498972538198
-0.8948425700902405
-0.10212523645767924
0.09110411684676123
0.2931116222488648
0.6142292071112216
-0.23053235709494801
0.3729599331110327
-0.934270358308201
-0.5750093810566945
0.1811871263648155
-0.6675349119144334
-0.8896806596053859
-0.35463003035144025
-0.9024648602995795
0.01414719195829961
0.9495454414613809
-0.42027947689076517
-0.15805904815384886
-0.8906730735719186
0.8843771616912779
-0.49329083506283533
0.5455050751699799
0.2335580589570001
0.7457657825208248
0.2750478939439902
-0.8540384406848474
0.5365884129301344
0.8159560122948339
0.9734760489919978
-0.7339780088930545
0.8631650042144199
-0.2504295497900757
0.9958559864354151
-0.9321594382117571
-0.7212904257184367
-0.12656557928679057
0.44919651857736653
0.010420779518384382
-0.06790704517409263
-0.14456362701873182
-0.9581277711884812
-0.6706407438492639
-0.051559318531052556
-0.5934522321842737
-0.6587399474239171
-0.9865973876591279
0.32810520347713257
0.4164536984998852
-0.39553241725315647
-0.9301296425164092
0.6736426276844476
-0.2779258751228466
0.26277982758877916
-0.048924816132433824
-0.02516384504069591
0.5695840808227819
0.5799061355466981
0.15644996437612302
0.6525102230752882
0.754368113874093
0.006059640833711244
0.23016961838848715
0.5950835098996103
-0.5903262658115218
0.3143573839131455
-0.358367396809925
0.017511560704403184
-0.536443860949352
-0.26702017944584067
0.36624690963585427
0.6304728202852852
0.8950339058042012
0.9759838253588198
0.37654184906315047
-0.1716443083286403
-0.9057945478487845
-0.6723855393972722
-0.2912941577950887
0.38780625612434405
0.8674014274689716
0.7494159145411015
-0.7127711797255527
0.5143007951886032
-0.07272077685438205
-0.6436073786543441
0.27040506782699425
-0.017591258661194153
0.06909141727495172
0.5479276413326606
-0.6779686433157173
-0.4138836518391631
-0.3418100254637051
0.5811158484575987
0.9197125532639803
-0.8512164186444877
-0.45984513426890006
-0.5613755548258108
-0.42223389563496205
-0.061989786536119196
0.03376457925288112
-0.5298549161163322
0.6927934782766185
0.48888995072881447
-0.7216461220939223
-0.5240433817827943
0.6125660340134522
0.5598348816277208
0.8809325692762924
0.6530684413706784
0.4839503815811703
0.2283553914403622
-0.4552335732340618
-0.8611299242844785
0.4531761368016358
-0.020115961560168483
-0.84004917911281
-0.2358367960335459
0.8718276912293064
-0.9490651591559238
0.6978338512395432
-0.9330923389255827
-0.6954805174694731
-0.7414074244136022
-0.8250234128016385
0.6199644546622958
0.3392923660642777
0.08152974223289311
-0.06133717992321186
0.2905729981265719
-0.530653601355781
-0.14654751655378395
0.5748019885693794
-0.8237477180328532
0.6448045877288173
-0.411921168498832
-0.14960487085697194
-0.34873064231079276
-0.5142210003276295
0.17545704280032526
-0.7234380237334499
-0.7902292982545367
0.6030896189301767
0.4726337505479714
0.1144570681159498
-0.3938734208483772
-0.009436040230428766
-0.8426142603290099
0.945228209414267
-0.8300096585845511
0.032924216094790903
-0.8780684571688355
0.28650129209460684
0.11302799260693908
-0.6841543761915694
-0.345757367022532
-0.8382979920098081
0.1462277149152773
0.12984971049577965
0.6877768687931032
0.014853604639114781
0.7911498607365777
-0.6727279334268044
0.9961604055070883
0.9123181811604415
-0.6045665823439743
-0.9783756437757709
0.3675463094922393
-0.41572311260384986
0.0523264035483928
0.5112468660629186
0.5140829619995257
0.532572401968892
0.3759616377352657
-0.23577262798814935
0.7551268958068951
0.167865372590291
0.39855222482240227
-0.18086129128733486
0.3585385217207353
-0.2621150739454272
0.7326338341706797
0.5362273795840904
-0.16739765086743197
-0.33011926642287515
-0.4190649307454182
-0.7237383329524159
0.43181635244649086
-0.12578713652473383
0.1784086058986174
-0.710672408954524
0.6729982023635626
0.5423436218718334
-0.18458886851597422
-0.13656180692747033
0.7538591081331569
-0.9786764520084541
0.7179707066050878
-0.3871000735643637
0.4243995105977274
0.4581920811456972
-0.2494641689072259
-0.3210419595589189
-0.9178164553333925
-0.9184585337908904
0.15855142284920043
-0.9296785876644214
0.6457527822910902
-0.7761797569131879
0.3826619022345794
-0.1112552138223748
0.10614212730988326
0.48678163366034655
0.3532928980175174
-0.2350754192733373
-0.43533480044876405
-0.18619083224886324
0.6138180547086232
0.4725432096998292
-0.9641621278931729
0.6566811500660961
0.12246896229604087
-0.6066256899889761
-0.6724866009538475
-0.08933743725209364
0.6476001892449033
0.2739393042232956
0.9060050093680967
0.840642252992216
-0.7021252617260905
-0.4557153993659364
-0.18782581813718413
0.8323601826586868
-0.08161251495585153
0.3620261335922448
-0.5848319351834674
0.4765989150662955
0.8356979548945593
0.49988652022370905
-0.9263101738764117
-0.7694594149483336
0.7491969367632283
0.21252765234472615
-0.3796083366037821
0.6993193353936595
0.44318401585100675
0.2985607659835696
0.9931806538167645
-0.5578731359456854
-0.5665128162260433
0.7161927334807219
-0.6920664529859184
-0.8689424822725886
-0.3355925875857013
0.31604669020230536
-0.7996831449029127
0.8772067547239502
0.9362258198338682
0.5222725499217693
0.3601139009799228
0.5873654962701103
0.8704625251695892
0.12314095349427223
0.839662772855531
-0.6740195241403946
-0.09046866107875395
0.7248933008107259
-0.06128784578963753
0.8308795953769359
-0.9006147129382025
0.8776973983140155
0.2512053378897878
-0.4324117143599855
-0.7817968545862353
-0.5998630034933738
-0.19479441524102148
-0.9941074626423305
0.19111921416130428
-0.9912581114950318
-0.8646200382171145
-0.8363695528211395
-0.3295484556777566
0.0016427553592524013
0.598160374197491
0.8865243227113484
-0.837162201907719
0.45051327529124574
0.27290559272253256
-0.1808079894842185
-0.8508595903980225
0.12254092378701853
0.38808906988122005
-0.4286956622591409
-0.7300643212506537
0.18424395235083502
0.36974237547906874
-0.8058147875575976
-0.16114467457834647
-0.3684668567049605
-0.6699139328008359
0.7569767049104859
0.698001440611328
0.34549200974525585
0.09748324824558874
0.5478214983505363
0.7441090490461253
-0.3090701436068801
0.7345541022664428
0.22434229946916195
0.33108419795808475
0.6548378681987039
-0.10050682912214381
0.09902601220530882
-0.8060025372579109
0.6644588071842128
-0.6236661411022322
-0.3310510440358776
0.5415670060142657
-0.5702427306086915
0.6331076003596385
0.48560702076634543
-0.4713819429219708
-0.5773436882948595
0.3625494568022747
-0.49055684594275006
-0.5530414966332651
-0.06451579588591638
0.618203058664893
-0.795007343776224
-0.3374363489085226
-0.9463460253783804
0.3794826549952719
-0.1936050692137654
-0.4210832981519448
-0.6673253146252691
-0.8375475033728002
-0.5806523033080593
0.7208038536309502
0.48717368534182803
-0.3612130570570051
0.9244094427932892
0.4098164931455279
-0.020314410948192307
-0.8664225801806362
-0.992117693208447
-0.557733401183419
0.03954278038901293
-0.6566438137212518
0.07033661273915293
0.68217325350858
-0.6527201582845581
-0.3510902070220365
0.24916633693171075
-0.4535673675441598
-0.6124574521759203
-0.00684214778289105
0.34039244733790275
0.9862360976684372
-0.6964291181889131
0.45257597209783507
-0.9837397160413481
0.7582548800270086
0.9789019754598303
0.35134552620806403
-0.590996553670859
-0.46893816286047585
0.027019119237135847
0.050615099585981094
0.867476735300059
0.6867155879679558
0.38724957593107834
-0.6090381672574849
-0.5078124144850489
0.5543833579293063
0.30529235093740614
0.1743448225474984
-0.08441622819916006
-0.7476660413555638
-0.38066413908543684
0.042544519798909386
0.7182837551141859
-0.6834157374124441
0.4778030214520903
-0.3577137519476201
0.8582634808269367
-0.1410640064562838
-0.11766125378007142
0.0629487122899064
0.5388422871952943
0.12409264225557126
0.7797349864027598
-0.8090387512244812
-0.9473621852076926
0.005000025026967281
0.8190641769236229
-0.15430263615806727
0.31248912399250406
0.3275059875591011
0.34537163967489226
-0.6551257734261342
0.016674186726418405
0.5298894276688244
-0.28114468775056745
-0.5068277284833909
0.6945763651746932
-0.2602397916863648
0.6285386434188007
-0.1040092529615031
0.24028373839196027
-0.8097139061743344
0.7120217994082851
-0.029041050594399653
-0.034569014087452166
-0.5803447671781918
-0.5020268634664085
0.0630263297772704
-0.3110757595635463
0.7621360601528904
0.45560216317664937
-0.33534324286760264
-0.06998486563440576
0.2660493073653898
0.7654324074352923
0.9008565408671336
0.8825203961746899
0.3634207057999743
-0.6817282804053248
0.15946771330303133
0.521809755731216
0.3680349584099276
0.40435424950048304
0.0303623129816879
-0.06748579115976061
-0.8069343906418409
-0.42779148097723696
-0.43712405871780824
0.7437345193435732
0.5564085742117442
-0.783118447147104
-0.7409781070471892
-0.5801425164515974
0.38129921869085126
0.5997298610481561
0.19073068559843143
0.07891637710981825
0.10174703028134924
0.20706369361102728
0.1625626121150483
-0.5032404738598109
-0.8532251636681016
-0.3774885158511092
-0.06295534736016584
-0.9958807917691153
-0.9955975637755405
-0.581952889648548
-0.8020153310468812
0.09500176742298994
-0.04423268537739866
0.9612028517752098
-0.8521786260969508
-0.2613531066045951
-0.1782708116260916
-0.508932207181344
0.418269329639698
-0.37636716308647467
-0.12124243905872123
-0.666750241412736
-0.6807772654905433
0.8615329141439627
0.4778542716231866
-0.2959422700906271
0.35908446614072154
0.03885544206970426
-0.16028263521667374
-0.8032619191594421
0.44039008212930963
-0.07017152213446676
0.001304354124963547
0.7476786231075245
0.16779943514402906
0.668918711227432
-0.04659317251827555
0.648070028768418
0.30123144483560416
0.7308014445594457
-0.36419820454293306
0.9965942120431752
0.5451221727850999
-0.3231726884744903
-0.3540029893659309
0.8812862630169391
-0.414513470407333
0.30085926281878095
0.2695422029484382
-0.46620504951472475
-0.43032923825456004
0.5436810447381553
-0.24566984146812
0.7168457247200093
-0.9306172399418924
-0.6559920919535238
-0.37173456674988303
-0.31421348644794467
-0.02420781821539708
-0.5445437229982306
0.2991304235826464
0.20767646676406137
-0.2538049762190755
0.18265941941243957
-0.8225662085691279
-0.6735447066964428
0.9549404555779213
-0.023957288359624407
0.1274768688750807
-0.16969139432674574
-0.8029794453684114
0.8736006991152019
-0.821171405474374
0.707423093657062
0.05092706483369902
-0.11065276639460175
-0.880148039999896
0.2689038588564663
0.02808255932004511
0.6219357681250532
0.8468782706710039
-0.9272963695530569
-0.7806442557461826
-0.406722127201798
0.15707787162099263
0.29999229490848145
0.6948747141920355
0.12581412707103268
-0.9499691852149488
-0.1845269077268219
-0.37844545678733543
-0.07158010208687893
0.5424523754925761
0.7857298527359236
-0.46654127445063387
0.9847581168032962
-0.4975179417080877
0.4347677702914077
0.22331730742182487
-0.1757830162387235
-0.9256016807458645
-0.7165110887707931
-0.6807721901585755
0.8044009289154268
0.8915735126216637
0.04992061025742012
-0.23123272325965627
0.6454696276256802
-0.5350625356819136
0.2795943774662921
0.17344859989795314
-0.8695513773057859
0.8861709310617181
-0.26945011130595575
0.19965529412470984
0.6219636532997961
-0.700697441931355
0.5550176794776465
-0.8621062177925793
-0.15532200750344183
-0.5286622489786612
-0.6000882676171182
0.09040488974469785
-0.755959066343427
0.23199931766339899
-0.30915867472670966
-0.7621219540831963
0.15578332909664216
-0.4453859900572812
-0.43057015303836876
-0.8307825643862143
0.006924857475736568
-0.38536861891188834
0.22130645886481481
-0.6459902173324297
0.8178841723227708
-0.7107849689693857
0.6622140993236301
-0.5044513934198269
0.3866136101495077
0.25080000706581207
0.44225600047744407
0.7229713712634203
0.7095064577770827
-0.9405390660300157
-0.8166189933240158
-0.6357297778043787
0.43015294462834897
-0.5266079585935051
-0.6172144516347124
0.3876399051392836
-0.5941494294321472
0.5737503280304712
0.49498868592374157
0.5068284817907234
-0.15689862188354686
-0.76043235172358
-0.05208484903450139
0.4168615989584896
-0.12284306439059467
0.010390777546775087
0.4533982284517106
-0.3402878542668142
-0.04299948094130013
-0.5612391379626596
0.7400939032870677
0.21519180681340755
-0.05401631440051857
-0.33840246547138864
0.6668745457097054
0.07054285238946134
-0.5403374192397159
-0.8909946328945206
-0.43265019428229046
-0.2570866927888109
-0.3637924720326038
-0.9790256944189675
0.6312388443879073
-0.9879004110532861
-0.7289122585227441
0.7568979803353002
0.14589813554559683
-0.0333542739069308
0.04656069787394035
0.7597876223946167
0.5013854934660664
-0.12540931719281123
0.44782410767375636
-0.5234878013255957
0.005020009420183991
-0.6391421559019805
-0.11848325721706932
-0.4626520577636317
0.7564756058360038
-0.0935148620031272
-0.5014178494773591
-0.9374252514693995
0.10202389531054834
-0.21940396815175744
0.2723373253307846
0.09080924141592783
-0.48338018634092306
-0.8257840170540576
-0.0060828676955013705
-0.18678305174548626
-0.8448971898320621
-0.47425906800366935
-0.9789073142940972
-0.45029930990606304
0.7688627538731618
0.811068482263007
-0.14720924796817303
-0.7823860457107705
0.20189947011263798
-0.08289500893835178
-0.09953170700906533
-0.5794983501334878
-0.7397179440647976
-0.8744349109009011
0.1888258100754323
-0.7761757164643708
-0.6084079749562881
0.2046832131154983
-0.8578300458493178
-0.813426432408489
0.31601382667323885
0.6396600354269082
0.09906507641633366
0.28214195232801065
-0.4816875194210424
0.12836966383682658
-0.2532597173522473
-0.03123953117345679
-0.659982411753266
-0.37294377340725093
0.27804826660836657
0.8592735798651692
-0.6962889200264308
-0.04854732185668631
0.7475986612582586
-0.8080287481846213
0.2563927981995675
0.22195645829824828
0.840018265371282
-0.381346234932991
-0.06352165340651328
0.28720051015806325
-0.9378827118547086
-0.29694438049684213
0.6490596542847691
-0.33143833292726965
-0.7679298706294917
-0.03779006268755025
0.876637925481478
0.5388502446062831
0.06254611131472432
-0.7147134624073304
-0.142383046204702
-0.21837085863588435
0.6210548882718783
-0.8711094586283399
-0.5675779710999369
-0.7266869355921581
-0.5004014598435094
-0.9852381839186772
0.7871886520974933
0.18840228672222104
-0.36294938235495144
0.5452679507034808
-0.8824571818955822
0.3489072183451356
-0.08848891807739623
-0.5959630576681427
0.6900728586769762
-0.5777747552686923
0.8562134137515205
0.6235293882857817
0.29667154113053185
-0.882567903503467
-0.8486111038468085
-0.2216981027731293
0.6770043342483469
0.4381547787296334
-0.09417909229623822
-0.2978320802981307
-0.8730617626888864
-0.4791042741096896
-0.8343497490109619
0.8294143953845914
0.2158444507558761
-0.3791189876606873
-0.42567936389304517
-0.6753139921108551
-0.696735501143227
-0.5967921427270304
-0.3436182001238999
0.7931021170731998
-0.6244900390614101
0.8552712368847488
-0.1908045562661269
0.5516245138369957
-0.3846583915233479
-0.14284855281483533
-0.23958235230066838
0.19464659631854908
0.0729537793277335
0.729847434949789
0.9854593529315019
0.5012292899134152
0.8240668861027447
0.9269451383728069
-0.6220453536080774
0.608360423871753
0.08100970249529671
-0.5564886065748484
0.32759519614139276
0.8140679371829429
-0.13474963002301998
0.4867088125696788
0.28351606949341956
-0.6238283038698063
0.054914285322747114
0.4858289920694401
-0.13225224084324627
0.236909216122134
-0.11159555835210977
-0.3848550472104293
-0.34792331315187397
0.7306267875331287
0.3353177266028504
0.6611870193946459
0.8229838358063948
0.021177726798629726
-0.8615705410909049
0.28674873853046456
-0.8668386855885615
0.2676249155894561
0.7855964890054004
0.5271341466029387
-0.22556778846837022
-0.6687036371788004
0.18800650120914097
-0.3001416555699252
-0.8942704823711911
0.21419651483197155
-0.5787196737163922
-0.1827807525271241
0.5311163027496
0.3582287825977979
-0.4714884120340457
0.061859066129846596
0.24665891588402378
-0.5633619903128362
0.08940612982758389
0.9186390376485352
0.0612914710913246
-0.6664653444712554
0.027262250798026022
-0.8481470623981828
-0.9543601590127073
0.6343156731071378
-0.04438946271523103
-0.02499185327610509
-0.6259002456909004
0.13925017999181533
-0.741090208074537
-0.5188929982405557
0.39929321605455104
-0.33554912216935096
0.05677501175476407
-0.3154367461507377
0.7343544352729057
-0.29109386099197243
-0.7812102660203999
0.371592002914936
0.9173250783007243
