0.5896638403931984
-0.4711355374265811
0.24130120661178278
0.7171273476835569
0.2813521615231689
-0.5336512465412724
-0.5155899403446575
0.18735887079127966
-0.8422316134743821
0.883727552580851
0.07267403367933256
-0.34316570602606844
-0.46669304002191714
0.6888069518662652
0.9059027073789541
-0.05594377397596095
0.14025082693582003
-0.010287132651214836
0.10728269536319202
0.1321917358295046
-0.6500006213148979
0.5423614705105473
0.4072231939397095
-0.6073310749803906
-0.06652460242102909
-0.89043962055276
-0.9771679073130048
-0.3365718191485516
-0.5247265776613614
-0.9578959030119991
0.15246767756091506
-0.49511345039233645
-0.605995865156951
-0.6292566011463288
-0.051046648820071816
-0.4085595763629122
0.6716778545117645
-0.5110765332159644
0.8916813075585668
0.2435964847557972
-0.1421369662629235
0.10970134724691438
0.8469740069580185
-0.8344129200911927
0.6897445519990448
0.5962693190223929
-0.21228924959400852
-0.8744082835995897
0.7570982234176591
0.9940260189597152
0.1373689080488263
0.7004514814594374
-0.9584117905564034
0.13315215156730553
-0.989730907255322
0.40402973235625894
0.8726846638955408
-0.9758348441590634
0.23895439626853832
-0.4718629393267222
-0.13211030680088465
-0.5650594134636027
-0.9887250844847955
-0.1527950266642939
-0.23715006518089377
-0.983795213456691
0.18388816359710258
0.9726574965651398
0.6873257084560538
0.6335194501862538
0.8955283839140258
0.5901969309314106
0.4058754860660825
0.6672930100984025
0.9725368864244057
-0.9270163366882078
-0.682492638295243
0.9583703566879498
0.8007865496813793
0.03595724856431737
0.59643787633689
-0.19473185049035235
-0.16772488060210322
0.28131094961922365
-0.24351006016196552
0.9601376656440201
-0.2986990958588256
0.28239728150075716
-0.8654471685831058
-0.07594641730394636
0.04427697109937667
-0.13689174025679618
0.3139164134601655
0.008242660846598415
0.5488790059690876
-0.947960572762967
-0.6538160520535721
0.6063812675466143
-0.4976364782592868
-0.7744879292085387
-0.21914273117312
0.9141074641225415
-0.8344666735821424
0.6007944423145257
0.9745792766971901
-0.06459276300647021
-0.33203167532993527
0.9006274680725699
-0.07259063030159152
0.03155244073610386
-0.19822075971586472
0.5824269988812476
-0.018602254695656795
0.49678109576540175
-0.9147161524297529
0.4102991605908306
-0.8828843958360455
-0.3140714941131577
0.7746450818284618
-0.6547275131755768
0.2966881329122679
-0.9272680546376706
0.12065079280947422
0.7389145027603705
0.3272688372835484
0.2835475076280347
0.09945665586872376
0.6377672104818952
0.05678322723555773
0.6297338268965202
0.0902530783202995
-0.3591986096727062
-0.6358382393071362
-0.04702723370445394
-0.4705415770959107
-0.8006455953883513
-0.6308286748497565
-0.29868780063049427
0.44018123803085274
0.5087832800905265
-0.43765406350046243
0.0697327818596496
-0.08266549155100855
-0.7866710810181707
-0.8565920095611055
0.7675550347678932
0.1429263526719522
0.030454067299734655
-0.24303844788923357
-0.4839800640300014
-0.6873088257111268
0.09818283234777292
-0.9728699341081868
-0.26710975873615594
-0.02563307274252824
0.3587350256174797
0.8182015260474318
-0.9730626657832915
-0.2904360534592514
0.6140145918586846
0.9862349874984198
-0.896307853463983
0.835311884043991
0.023276677634437526
0.5369717645065872
-0.5251442207094867
0.8580117981895152
0.7605638641546764
-0.4317124381561801
-0.032720129915739804
-0.21833873229675538
0.30926751770278327
-0.849190206882755
0.44344376724521917
0.05386034418668961
-0.5565647246579117
0.3882167627063282
0.3738694373852769
-0.07275209398080129
0.3302130064195339
0.2991253666918037
-0.0570673385418059
-0.67934270385131
0.38507276417180836
0.8753648420813938
0.2230427180822918
0.8834220847792751
0.5212462965889504
0.6968242234356066
0.6181799513932731
-0.10209779075285019
-0.7429524085019388
-0.17904783900611032
-0.7437045268103852
0.899442077840193
0.7795340652923126
0.3153786907251015
0.30109270605833593
0.449613097776123
-0.48977762890768717
0.7650185601092518
-0.7427731068494454
0.3677325165321441
-0.02166083478609493
-0.6395934973678128
-0.7410262730694124
-0.0927073774590752
0.8793534347328671
0.7619057036855525
0.06093334386325422
0.858073752306161
0.08130339534572162
0.8348214021947671
0.990353449014949
0.3613559646174709
-0.9613056712215304
0.5633413807897685
-0.5258314613998736
0.34478421168954676
0.5835124171441135
-0.023382738859875962
-0.08013057574366278
-0.0849167176580472
-0.614837498173241
0.7581891393378819
-0.2921669831517675
-0.20904159428408509
-0.4940949715238787
0.3603486791135291
-0.1562439365577859
-0.08484097000751234
0.42563235319490955
0.9079252054575544
-0.5766448669048732
0.7538231740399901
-0.33040979276329474
0.9513700484384378
-0.5224924115967331
-0.5271392480994861
0.7449164783058868
-0.7830942491913766
0.9945263024770543
0.17527466199094333
-0.523366473972994
0.9018963295827485
-0.04272415753151537
0.6899595559477687
0.030998057200243956
0.7764864752613265
-0.9136476364126827
-0.9783418809639004
-0.07612405255650145
-0.6220527597645837
-0.35343338866293683
0.5033954911342273
-0.8659233158071258
0.9220571950384708
-0.84751534527211
-0.06314610392270503
0.07634715271113546
0.20623796905744451
0.0997954913757979
-0.43721090560031795
0.6359898249354299
0.7420542530876413
0.9527922913730607
-0.4272688808958838
-0.2731635718884977
-0.36992136144781274
-0.46573261036192815
-0.9451467894471457
-0.09342644509050935
0.27801256262115515
0.6926388387968365
-0.23896765787950724
0.4681829490146985
-0.03665507223558606
0.6621406777119327
0.8887660673686537
-0.8764766499991232
-0.5452793480671805
-0.11457493865202184
0.19075111880487117
0.9048484114601574
0.4315826603983508
0.23393988997827608
-0.8434310204494215
-0.7676810144884563
-0.7204597020882162
-0.4600383573210207
-0.24493448730162015
0.2303346110543425
0.989308634953701
0.145178211904043
-0.7173488909684904
-0.6772247767697122
0.34995395244976835
0.7742325004304147
0.23188953008469504
0.8970078015434435
-0.5974299594661352
0.45765297839919783
-0.22361661128881227
-0.6012191024939404
0.20840224951653608
-0.5428870079916803
0.46210536124557144
-0.3951069264210616
0.38582552468689957
-0.8130233055389069
0.001964588446591531
-0.9822109812817263
-0.41652608206861697
0.9796043055082844
-0.31046133242451934
0.336001018167823
0.08220970559047869
0.20790579975719026
-0.120458384507653
0.776620519989071
0.05651061112292832
-0.24285278516316944
-0.7732602742664803
-0.3392510532501052
-0.3237557603551249
-0.8709703255314196
-0.06833310590306918
0.12014362478199248
0.19268982827116776
0.5645770146243971
0.11063250240326106
-0.9569606652747569
0.428057579511933
-0.5116173704140861
0.5891549015506414
-0.5506078384134059
-0.3243530072885632
-0.69471678368814
0.9120945453445064
-0.6294418670966331
0.9181757439025104
0.12154124486973772
0.17040104811780576
-0.9943157182071798
-0.5152989608140179
-0.6838649091519944
0.3635299580227178
-0.5631447886342842
-0.20805243964629438
-0.9462304854552206
-0.5517756327984153
-0.4926947801209447
0.653744233096079
-0.19026298809108066
-0.031501820412688675
0.6017695355095931
-0.20733459410267852
-0.23222573175168892
-0.7817021262738972
0.015315805337403843
0.6508600219974285
-0.44442518081284343
0.2574607331764589
0.3567615622826352
-0.627554661005441
0.1986336998311593
-0.2167724644563791
-0.9949508117316113
0.9177306408695747
-0.5983833062743393
0.8537087388253908
0.021715441474644992
0.6699280797720675
-0.6925390798114708
-0.23365620964271594
-0.8801410665187448
-0.3921023991501815
-0.26206953480112505
-0.9864664225267388
0.2997732567562523
-0.8561357300016559
0.5853656200389514
0.1692671043101257
0.583680483096068
0.06293670845656596
-0.4961200062501825
-0.19529666156720316
0.9167642936625306
0.6516453953298089
0.3392758929389701
0.08731074477164391
0.7489684719315399
0.06561120692858236
-0.15953681296449385
-0.41269287610659466
-0.9282087437133384
0.26184417379457114
-0.8888168594608941
0.9967826061993343
-0.24342743377296694
-0.5909356262192953
-0.010645779416309509
0.9610303643626059
-0.07446383343796792
-0.4101744006718766
-0.9176279343347693
-0.9717508128993115
0.7841143844884717
-0.17888481889635321
-0.4597878206134287
-0.15707688569167044
0.8528490152872692
-0.054507689781473356
0.8141986603297269
-0.8601759214863098
-0.1405722015224138
-0.21728130456484407
-0.37218114725275875
-0.1602760098313658
-0.3138196062446825
-0.9177741263933277
-0.8230214332144064
-0.39545696614881054
0.715625188035381
-0.7203460554383561
0.1806084218451649
-0.4211976690610122
-0.3235780947020377
-0.16391289544377496
0.8185482865942058
-0.27411125951358906
0.6643523202882795
0.026502194676256474
0.8221506246470209
-0.8382188906067842
0.39771601774057763
-0.5556626166321419
0.024061511511752398
0.19552737782613727
-0.03620603500815678
-0.7980226331253011
-0.47284883419065094
0.40490277181691536
0.3227984259216037
0.8323441939605167
0.31858384092660663
0.007319679917472177
-0.34200671091045787
-0.7653283890794087
-0.3664691481088067
0.03020102604774788
-0.7045653104203393
-0.3420675851393571
-0.3359528983297886
0.34166878104981824
-0.6359531408805827
0.6782786444301814
0.31214639995932014
-0.5284594678160013
-0.3734854415104849
-0.5977550120465478
-0.3978727349093729
0.3342674878921674
0.9837384584588833
-0.28464312296961247
0.09571557709593814
-0.5404125885523148
-0.9596342051467173
-0.7038256077709317
-0.8053927780851886
0.14330768876101851
0.8161738311625732
0.3286950617504507
-0.4314916179048842
0.04977301930192013
-0.8021498253288111
0.37142802613696024
-0.8872124991820554
-0.7707860375862725
-0.9520214687966486
-0.32065674683961265
-0.18163189595043816
-0.7426870404643406
0.022804476476073088
-0.5747098374221289
-0.2724923633614931
0.2609640224568017
0.09762234487706722
-0.2696291838612721
-0.2473767908452591
-0.03665515660201657
0.5583882897897645
-0.8118577460566652
-0.44866011165057196
-0.43694115047451443
-0.20956829477804595
0.6554151737535576
-0.12054600525988013
-0.7437537212432768
-0.4200980863784818
-0.5171950782157768
0.8845187130785932
-0.48279555303042354
-0.15914674671114049
0.07108242719173963
0.6562752449765776
0.8721961612299045
-0.3093635991159467
0.664763334012616
0.016167979411088718
0.8327683553238769
0.6185309634910119
0.632263342505244
0.006698573950035369
-0.10095836856666773
-0.8726818601211288
-0.867660531868792
-0.16761158270436183
-0.8999272430099066
-0.32524083169435536
-0.9705730751057762
-0.8923642051415306
-0.5924667512478521
0.0017108482902659095
-0.8041277071577089
-0.8172319522531679
0.5405870232865293
0.005873914457344087
-0.0730462509075791
0.04810689671423041
-0.8260092393191598
0.2049372963338938
0.0949702158967145
-0.14312198484020255
0.36808247406553374
0.5301455670007287
0.881572175545372
-0.5386856601621333
-0.8415379371569705
0.7010831725633189
-0.5471035121918455
0.5223159842836249
-0.3251887665204216
-0.24526527909670648
0.7799593974295818
0.7315464319615081
0.9024377436366642
0.43664563249782096
0.9571514771594216
-0.5241397451729071
-0.7432278839913065
0.1092740832262924
0.8345699862671359
-0.12252750539419544
0.5101838831217551
-0.40761068389609023
0.5553133266900001
0.5592965322255963
-0.7078740521292171
0.9226389666497747
-0.3232453290545372
0.7133919109962266
-0.6222443359909362
0.4041717633462252
-0.04479970505605757
-0.9085200139978289
0.28682276618922575
0.5194686253059719
0.5862314665537562
-0.6099999814975396
-0.6662462955923552
-0.7206987924446375
0.718416367173117
-0.83180464618461
-0.798496505245621
0.4130009991613526
-0.6040280376484304
0.9162329219655438
-0.6441134804441526
0.43498931657823214
0.7363438426062847
0.18137726069102578
-0.826261654961701
-0.9292163209431785
0.11156513860083628
0.7637538481697683
-0.4725990821144497
-0.2145392561285946
-0.622356069563961
0.9092533774198033
-0.2503350265670372
-0.7701767436849711
-0.21587897016149293
-0.844356092414466
0.39744306809197916
0.30428264064834143
0.09632931495382446
0.028973049554135377
-0.9609117887623606
-0.762264563109404
0.6757773344779594
0.14085909387864648
0.40941277271578036
0.5884764829792657
-0.21052987548357915
0.40328367825945577
-0.29189570594243874
-0.6035410964639161
0.25687061776411135
0.05601670023661942
0.5613734315899572
0.8509743665767968
0.6935962365939856
0.9928174099472409
-0.7766876838896248
0.7850950824420948
0.07383531227852824
0.4760730277109593
-0.037419933254425386
-0.9320172956886243
-0.8911414394228998
0.7455508182766795
-0.738325519903138
0.5384362464813712
-0.9731073154399064
-0.7445444204728402
0.45018811564625083
0.5078157027070149
-0.25998861877327917
-0.6850000582630065
-0.299911044082835
0.05774484167217664
-0.9034074898984636
-0.23878866656068576
0.9302054090488292
0.36776091171149106
0.9432785385549332
-0.041287101538630244
-0.9012633344307226
-0.8696539631428473
0.05826931236300159
0.899734688412428
0.6067496380288953
-0.254460492886444
0.6681660485610543
0.46862320144372305
0.09226501774948703
-0.5654035422812609
0.22347678723146358
-0.9613633669941417
0.7636741884045277
-0.32807599776735286
-0.6167165809296649
0.48482574248951504
0.6028714443111325
-0.5932087607621972
0.7474617470265339
-0.5746818196020038
-0.7373755168158205
0.4310754075037395
0.7752360713847157
0.044338135938173595
0.2893483762933742
0.9465721043968247
-0.45825916704757486
-0.7961898610337412
0.4215876963709113
-0.10483718229511796
-0.4903480286409272
0.7164099716336207
0.1461529438100111
0.9373990353679609
-0.6691577609325383
0.6314426060892186
-0.5620022149662185
-0.9001723012301985
-0.15659596875377657
-0.8240576745462502
-0.33343658996092107
-0.9413521871463435
0.8922749963163197
-0.4030948336998328
-0.9795409840970006
-0.2129447570144931
-0.6229081819422011
-0.43341975921186804
0.4839851318649364
-0.1341041144880022
-0.9812117763908399
-0.9587379691748723
0.39315012711473973
-0.857984324535112
0.7368441744877372
-0.4949594558240473
-0.09453157005739099
-0.38404045451094304
-0.7580169713967086
-0.6165166768479653
-0.6630286374109273
-0.5495622832185325
0.4745057070002221
-0.9217626342332468
0.2515007286024198
0.8132442908451307
-0.14366075834589864
0.5520555704723586
0.43149742863773866
0.9030765631156561
0.9752697753089377
0.6847681003450043
0.416135959312288
-0.04602854479474794
0.2827198891083207
0.7242336636243387
-0.8382012854066514
0.27383946796818526
-0.3381800307260112
0.07232240309850946
0.5615227387495347
0.4448428811127523
-0.6895842168785549
-0.625502729126703
0.05419276907429871
0.6981306460401309
0.2840431097747105
-0.5774237742852386
-0.6391046566203
-0.8272929100547204
-0.7432076853914809
0.733773506222198
-0.49501065774754505
0.2779788962595897
-0.41662419571179976
-0.16486614048571724
-0.2959117385626877
-0.2982115284476905
0.583601556667005
0.26098885248909065
0.4662909410344118
-0.2594907079746056
-0.879152421169368
-0.9379196064635726
-0.7203619091136277
-0.4249572770438592
0.009021779982097744
-0.7714874578240536
0.6529114773664844
-0.1236772024160806
0.5578826318923504
0.8447068837344134
0.9475349202611643
-0.3037993595793067
-0.3455128253711681
-0.9769455887333061
0.4344756569288155
-0.01565488609411303
-0.8210772001098721
0.703970924317135
0.31668533673858357
0.2690631217010748
-0.7346300457128614
-0.7364211223640025
-0.9232384456816991
-0.9502920575730305
0.9449345099244812
-0.46374485908806107
0.4411499881041385
0.2706092294584921
0.04457741376678648
0.3377983125263222
0.4963488878752682
-0.11877503160310576
0.8668618474294347
0.8659860134638462
0.04921812608487719
-0.0655195144221421
-0.8618731837870595
-0.54119208128917
0.19263521673619555
0.935025081648597
0.9880884996014649
0.10667541443495998
0.21938153617075518
0.22140373911098865
0.3117600103370153
-0.15657513774099563
-0.4787169051919584
-0.9490948187643862
0.7649711343286865
0.6819476427485684
0.9172701472872467
-0.24688516119041015
0.8576609371656227
-0.8862062731809315
-0.026839640457005265
0.8279655436852509
-0.865493963266138
0.35811426453587347
-0.6923875136000683
0.18634576589530916
-0.7296623266674507
-0.47617882855545535
0.6228357408430236
0.8660894605657963
0.05819277004635137
-0.3601405929805903
0.25528272007090114
-0.49656208003295044
0.7307326621448822
-0.8879975281733747
0.4106931451647706
-0.40016959176263023
-0.16884380882173833
0.5805975930736631
-0.07050289467899717
-0.8038563376501389
-0.06237771229010014
-0.6177982320227378
-0.5772737809911168
-0.04873099317235674
0.9455895893421162
0.8590673737445618
-0.0747773203974611
-0.1808210263016261
-0.6746304523380251
-0.38605086964168156
-0.16792379586238182
0.5284019435172609
-0.20241785926954758
0.4737224439369976
-0.18414016495529695
-0.1099103867188449
-0.7929084986832529
0.40381658042607294
-0.3336244321266748
-0.404374212271561
0.026392180995963077
0.90648321542999
0.5512624263402326
-0.3880068847816882
0.8823042802163368
-0.46056413533796103
-0.9350405477538344
0.5428778882027467
-0.22477046674392276
-0.8925885884028417
-0.38484331509346537
-0.6042405289652835
0.24810812765439794
-0.19227953921390806
-0.809991635883172
0.07999735406734398
-0.33739099569179554
-0.8481302807810411
-0.643977366606755
-0.341807508925527
-0.04702485016334523
0.8388536466473928
0.4556833602810526
0.882867728730393
0.7533377354365711
0.9217296131073207
0.4054993178729651
0.8727749772610598
0.632201813132047
-0.4123938017261315
-0.7606825373938846
0.9179049994548578
0.31819871421197043
-0.3378108941929321
0.598377477281324
-0.6504604045593598
0.26408921279683284
0.5535456518838611
0.7387248403281415
0.17145214912004736
-0.32860661301490324
0.7657639404261216
0.308241280367499
0.7206283562755618
-0.8140867182627729
-0.6583008384788909
0.13969091341511253
0.010644056932893387
0.874805007922528
0.6350135169228657
-0.3871778016216183
-0.39189679612686135
0.808747562361571
-0.3347662204358568
0.7577054654674069
0.9023042973250279
-0.4018534863477816
0.9755650848038349
-0.7968729241288102
0.45056965254126546
0.5702010826166419
0.39171501457952007
0.3180014879270563
0.7164366752221696
-0.0759460515800463
0.3709982227170072
-0.5495966662327338
0.9651769692337526
0.16413352712542184
-0.2654925211311774
-0.9620377536010853
0.34087407510201095
-0.6128108158798495
-0.5088481287048439
0.5450035011523147
0.22155629073397187
0.5864107958639002
0.19087959776593744
-0.3240411710810758
-0.16635297010656225
-0.9635861607290397
0.7854172957402143
-0.8787884818025049
-0.1957397821568163
0.03576291777681195
0.3283747476218992
0.2106810693040242
0.8396345424297895
-0.1909033935225446
0.012578216322982838
-0.7179063525434419
-0.959734560465094
-0.7911931097707581
0.021011643900003207
0.31502397130844173
-0.5019405387991351
-0.9933823939136004
-0.5412382335888013
0.43843633160531237
-0.23189841338500883
-0.9717027389398132
0.2368762122080259
-0.7114076073895439
0.5673912560407661
-0.8398692612200047
-0.8049377238404845
0.8758332835356444
0.6251685980056707
0.3436667410129428
0.9786675997774805
-0.3871136621282063
-0.0057814896025529805
0.07564775912024313
-0.7735998443335781
0.46398442999244316
-0.6701951693822472
-0.3570808582322331
-0.5212389778472568
0.7932294857832947
-0.3473464265102957
-0.6524937502146373
-0.11682121529752032
0.4222697546248697
-0.06533110371619011
-0.6850624318983864
-0.7496507169638864
0.6515033142401712
0.48083188271257815
-0.8707164951236326
0.3073017871230419
0.5556593056346593
0.5279972630014489
-0.49872982569844493
-0.903773876012359
-0.2662505961429864
0.7410688317305694
-0.5487805591915957
-0.615886984075459
0.875023412270693
-0.6406993513370203
-0.9235444062071798
-0.3232262365335792
0.9967024180763133
0.6302358452534547
0.8732108262870104
-0.028177791797205698
-0.9840958183625681
-0.13393909820612815
-0.2040484110955605
-0.26128300784934777
-0.5626838238321108
0.9669191170793965
-0.2375608100753237
-0.22002200477751166
-0.6301883206834815
-0.4220081703900145
0.15072785254169951
0.6062061095173523
0.8293456004950472
0.18192286611521769
-0.0153051390893566
0.7485516589899619
0.3421071318678408
0.375425712619454
-0.032412820759355254
0.035791828578239704
-0.7689534181841724
0.33867998581325676
-0.7015395897398451
-0.7208063665371658
0.6505352285060206
0.07838850414320486
-0.7057238093064284
-0.9631459387763446
-0.5719434113013409
-0.5898678347479098
-0.7591854079495777
0.1702253222247334
0.07846879879176849
-0.15707429270026463
-0.39155125456401296
-0.24095248264406433
0.9755185267567665
-0.46135756819365836
-0.20577948589447925
-0.39307118809604247
0.5969271836748535
0.3412421513455528
