-0.3497715622255493
-0.8263071030707267
0.760350342208854
0.04846578076740915
-0.20000985750801248
0.6365025840423391
0.3503578160638341
-0.546581048952443
-0.4894789205642691
0.3934173601571158
-0.5880606896382454
-0.11951910723234072
-0.4635008958038789
-0.9617089869396209
-0.8785050034413966
0.25693670596595175
-0.7985744597945494
-0.43999694601094586
-0.15185981927306513
-0.7362306822305049
0.07035481346101657
-0.45828580575938815
-0.4553176861331152
-0.33572762242836474
-0.9218231392887433
0.40901298667012953
-0.5667073318518503
0.9945731407484637
0.14769376132504553
-0.021520619254819406
-0.6976594383928802
0.0013797211886656946
0.16180852116588085
0.7163940386653587
0.3421848667822429
0.4017216730153699
0.046723854268494236
0.8380262725163574
0.1215469221330141
-0.7085954739881728
0.6781253700360073
0.6611345142171523
0.042415991272862996
0.8433524754012374
0.3399027703078872
0.47301921874844566
0.4102675245996936
0.8139672756470209
-0.4549594419138876
0.5786686258105931
0.11770170712103756
-0.18491696375941258
0.17088695399555975
-0.8317575976070968
0.8634385226084484
-0.6889483619365631
-0.933910335235913
-0.824659101720965
-0.18506610947302682
-0.13505533031275307
-0.4459365275588971
-0.6067890177467226
-0.3282919430296267
0.28481230626912923
-0.41206636817705045
-0.2257577649644784
-0.8021918146535212
-0.9896078555015637
0.7044774983636934
0.05881075844460759
0.4656521620331986
-0.6673859802601865
-0.620336293953371
0.6627308864822268
-0.7101686982554913
-0.14729952528910717
-0.09403216399296777
-0.9017218106155251
0.6282765489779447
0.9646147365695443
-0.5082794426829154
0.11195016739154795
-0.9104795145839348
-0.9159375729517347
-0.07467723581242236
-0.8071657053341696
0.10861725002388956
0.849205158902123
-0.14775971784757824
-0.8613437919854687
-0.15939169104898188
-0.41730177881297736
-0.5197309257562017
-0.037716011143279715
-0.6307476003248143
-0.06838291012642883
-0.6413605857502069
-0.42033278681876407
-0.5599355755484658
-0.2087091861926662
0.769106472849004
0.4408936504201415
-0.39946280182553195
-0.628986445218578
-0.7777480647151997
-0.45075226233386845
0.3667473544728663
-0.42594132531016093
0.5698001827519941
0.1588601546303583
0.8343756595001288
-0.25862747603876857
-0.676169547795328
0.8497397650075196
-0.98650107102832
0.2477788050348395
0.9163438965069206
-0.3503177177685546
0.09034057812499374
0.4414771849872243
-0.16227592766906085
-0.5942464234865639
0.8054930297223462
0.9820725470147535
-0.13979433706313493
-0.29625126890781406
0.18695476553011425
-0.24067460856098277
0.8825456938518412
0.29223045096276246
-0.012347692132174126
0.26426629398643864
-0.6753304978575401
-0.8115458656585917
0.3509457506506277
0.5362701778688916
-0.5438591593111644
-0.5733099225741278
-0.5360556278471962
-0.37585961946887636
-0.4401150139266563
-0.2448441927793874
0.25728701014856226
0.8762044897522023
-0.5873291065721014
0.4959752134518647
0.571370591965052
-0.6861223790013804
0.20643699932849446
0.2532841013529272
-0.36716274786271463
-0.15489781803183922
0.7396231284220449
0.18780532365730007
-0.8285403465173862
0.13852502904329356
0.47524918380193326
0.17191826910137809
0.056391430200081194
0.6062282110761701
0.892559865412794
-0.7025469428331708
0.9420786107214358
0.13228032093892605
-0.5483680145611827
-0.0708592683833218
0.08795499642639437
-0.06366991016389534
-0.5545805214962805
-0.22014528220465013
-0.7476263259108324
-0.7240834287528382
0.03128965608460388
0.3294824728113812
-0.6399456896509945
-0.4318768432913165
-0.1858183546603871
0.3174680936837637
-0.4963463876497938
-0.04934359989074344
0.49609696477952947
0.00977127566887126
-0.23610405069794704
-0.6956173920471549
0.31170924659769117
-0.5258102907512046
0.3190276082763557
-0.6761902985142376
0.23745944994044454
0.1936961340716472
0.3631868685076911
0.3489542043063336
-0.7084202176173002
0.005644195606698155
0.46461111444042835
0.3614858594801773
0.6350689353577281
0.5753997502724641
-0.8315716200712844
-0.20000329582546028
-0.36128177410598017
0.3961583638719455
0.8851110874911632
0.6636938809259192
0.5988671728738404
0.6524120786637613
-0.5955039974969238
-0.24923210938968143
0.3646444938810165
0.19273206654312602
-0.2633963145692062
0.8171429857968913
0.7820297072002711
-0.6717630399206072
0.4043183465126996
0.943267318515634
-0.4348528884719671
0.20631895291778535
0.7993171920416264
0.4610554593944345
0.9727832876754383
0.10490479238292605
-0.23853316861719276
-0.5799521271348274
-0.5018030483601634
-0.8492709899666699
0.1532318075703294
0.7613050976324764
-0.3271318375389274
-0.3141967035223152
-0.12553097286488124
-0.8804911379485796
-0.9600880745856486
0.7894658013606495
0.49930971056622475
0.4881929748678633
-0.629540987886682
0.3090994278009347
0.5156583873665996
-0.1400170691335565
-0.723613569832324
0.1608108460905293
-0.9908325974886893
-0.6068263579197313
-0.4846443058866896
0.6320641497106767
-0.4426277449936815
0.6579296215279944
0.48919745947834103
-0.04853250010344934
-0.9139972284371674
-0.9201558445990796
-0.29574231059608413
0.4866134019495094
0.4883113706580633
0.8255476437477656
-0.7076003239014714
0.5890767651133888
0.9195898854239282
0.06450789540512436
0.08393349702319641
-0.6736226170746205
-0.14712725011987549
-0.20688127304710213
-0.8211771120811935
0.1239179723594872
0.21815330891323148
0.22162636692937365
0.4800984655499312
0.6856103018019453
0.24626866747157217
-0.8986045714170523
0.23348290113075731
0.4701062996070293
0.9999349413478049
0.30947113354311484
0.25981285879472615
-0.5297461334722138
0.9982446730988817
0.5093453096374252
0.2719200700425639
-0.9234001527892364
0.8272657802578907
0.7712886144999604
-0.5647871155071789
-0.5985336491272035
-0.8217918008594987
0.6625640749135253
0.16127626437219056
-0.4016709753398551
-0.6340449149927938
0.5072895555717181
0.016387660623858658
0.4319300148626779
0.05458105761224341
-0.732329687373418
0.5819242009441914
-0.3622397923928684
-0.34719060845923666
0.812776780758532
-0.8787864184839782
0.4552495114414128
0.6411882662196056
0.21799384970757996
-0.012539230414380098
0.1272067040561622
-0.04590631207884033
0.17772296177270097
-0.15004036049490366
0.12875323418876405
0.46349508478958956
-0.3841291209891038
0.020877063350691172
-0.5778009372255446
0.5977479618345432
0.1431109245047011
0.4324756262418563
0.13001093927726415
0.17750561109895613
-0.8631420507675869
-0.8552820799385967
-0.3237722222896804
0.6621706399656566
0.9093491383398145
0.6557757114358853
0.6673794623852864
-0.8258654359682565
-0.3188228159903712
-0.2569571938747375
-0.4328298020398009
-0.09561782487335546
-0.10792477954172819
-0.920169618888319
-0.4351109558132076
-0.1981343224112042
0.7577057597770669
0.4530014903672459
-0.05428525822437513
-0.18961893900174975
0.9206593410280908
-0.9506216460033632
-0.258216409848365
0.340508378385608
-0.4541783338781009
-0.016164033691879798
-0.5239054331224948
0.1505044425833224
0.2747204657316502
0.00957197965739831
-0.5929740373333061
-0.6411343215770804
0.08041828647476401
-0.8188779144725913
-0.16055651735546128
-0.0773936080072053
0.253967604657239
-0.8667320394783973
0.7890821825546859
0.5891258349348727
-0.49459914893917745
0.5940624946535782
0.570086181937381
0.06586597296058128
-0.5233209811022159
0.7677759924306617
-0.2787036318421703
-0.049210140267026636
0.8409762419635824
-0.6963557954907151
0.09507571223579525
-0.17196226842612483
-0.39786855042013136
-0.29112189536623845
0.9031686350343122
0.8569481004029338
0.21004978337182179
-0.7305272733190413
0.04729048736783592
-0.8310431292742622
0.6722920971478243
0.8099308319327341
0.15784931925433776
0.43571745423198793
0.9690406607749182
-0.046904475104718735
0.4224033571769481
0.08311208850318397
-0.23191415224031386
-0.06613692560621809
-0.4938388934062212
-0.20034736906114814
-0.3115711875846314
0.4756272380124753
-0.34996479968119965
0.2240981145002241
0.17554998288147328
-0.2441182673677691
-0.6225378525098539
-0.004056840805622297
-0.5716541244630393
-0.9325109803123892
0.14940569164418505
0.7137607007516531
0.7571893904772236
0.4246980485920935
0.7776625596227611
-0.2297904618960933
0.2545226284060311
0.06807494324816399
0.4397936646563205
0.5188465036084018
-0.27615579904313425
-0.40991315586525134
0.734706757231919
-0.2232900544826919
-0.5600948320824359
-0.7668426450969632
-0.6238807712394276
0.27797030032585246
-0.4976171486218093
0.8045914234457474
0.8418337259168607
0.36777103844816184
0.2972526064902692
0.6078440791277917
0.5799609111611135
0.9617120213894197
-0.10546736482454189
-0.1928137131294343
-0.7810711705832449
0.5952545405901353
-0.9119711590132198
0.7228999404865935
-0.36368047881345866
-0.7513435255175296
-0.777839423001871
0.6967103774848313
0.7122781793297448
0.556872898892268
-0.047099373979848425
0.3722450139972957
-0.8735581868161177
1.874513593447258E-4
-0.3456831163526488
0.502883410341197
0.6530393181870258
-0.27983463854549173
0.30915466829556215
0.7294422620152567
-0.9329840115102956
0.7168497342784794
-0.5886461148005002
-0.8372820688074183
-0.005259814389829032
0.35694863787373055
-0.339653831936499
-0.9390135517983171
0.8260520977166075
-0.6409093514450857
-0.9585677744339238
0.4101387456631205
0.150118463939777
-0.2789472060530045
-0.7365088481956819
-0.2057919554654717
-0.9142409588628932
-0.5848059032581039
-0.5352724406940248
-0.4133764273394023
0.34761492709253705
-0.8978437114574571
0.599115513958729
-0.8023967678337958
0.9227316605368516
0.5992195703670449
-0.019349964519930207
0.8806761606703566
0.8278321290755937
0.3885321903532737
-0.9105271712979057
0.43140357797567885
-0.42424048398893066
0.06175819556429474
0.93338846935845
-0.9960546220022499
-0.2997286444392966
-0.7284824995112322
0.010243596257328402
0.22619727738076212
0.9715704387448187
-0.5036807526997777
0.23109280897361284
0.8118018583258313
-0.21933905181475155
0.7245193024518117
0.04102859569186035
0.9474147554966144
-0.42117890599911867
0.02415854778604465
-0.5859935155944445
0.8761854891379361
0.22918727095373037
0.8893690843101965
0.3999484275482168
0.3034908003283334
0.6606470046059387
-0.7596381589528045
-0.5331385131671524
-0.48146427329679664
0.3099418903427842
0.0028382244528577516
0.007662201375715716
-0.5444835477826622
0.4960847608971839
-0.6960041443572176
-0.9291513853981774
0.31061747383172245
-0.908102822743502
-0.5038726284508854
-0.37388232496974605
0.786191973863209
0.6406790015304691
-0.5448612383011564
0.49047553963286794
0.5510550256379974
-0.5882778410007796
0.9001416819199535
0.41734516005975086
-0.9141053235163232
0.7965858927343337
0.8416034346022847
0.790624907898539
0.7253864767927067
0.9187525132438541
0.689364779050565
0.8676081407921572
0.4136731797541495
-0.6375130727926048
0.03816542523450672
0.5791252316005997
-0.5425489790043541
-0.47757437680801673
-0.30285602040163395
0.5222225191122434
-0.6090190576836816
-0.7663759599134488
0.14110825933006388
0.9701470699027819
0.9599219384811808
-0.93750551840429
0.23519892046881785
-0.5236423737408293
0.1859616984796828
0.9222699078869552
0.8208987257985851
-0.036263325298921734
0.4917975383763251
-0.4776679964125268
0.5501665038423027
-0.9328691608747477
0.9460991163648851
-0.431055110222788
-0.7841955363290907
-0.06319999938028653
-0.16933749100393247
0.605639103854053
0.7499943394278499
-0.2876909235016387
-0.06295697000936307
0.9146938959454713
0.04926661181579872
0.440849300418092
-0.732467535563301
-0.003131767788513651
0.8329954965188502
0.3409287296063246
0.14542511189608898
-0.19526495524878662
-0.1461605116385265
-0.9981748993112642
-0.8679062319772628
0.12567532078574106
-0.047623359181582
0.3611474961208616
-0.3965235866937624
-0.7062070983199091
0.6845105855089717
-0.8826942954742885
0.3561515848809713
-0.24428737338257922
0.5490525921269576
-0.38936004489853304
-0.806741240736297
0.9234290409651271
-0.7957875258574505
-0.853583177671543
0.0830982889007097
-0.7819251880522644
-0.5144408158554998
0.23484941326363828
0.18832333470530926
-0.7583180668699059
-0.4756598129538121
0.28775417777508716
0.8312148932316883
0.6097110589284003
0.8138775965908176
0.9384090074412634
0.2906082551917064
0.1353290036264958
0.6830853622070356
0.34063098977551376
0.21861818092168916
0.777115099076694
-0.6900178547959941
0.5550442807031819
-0.5796120036675381
-0.9549167914533077
0.14440067031137205
0.4449634903628401
0.7576655044907479
-0.5943935838456589
0.40792405907061546
0.38126918881361416
-0.9829128538328782
-0.3659631913281858
-0.799593521533829
0.49510630482756346
-0.27336969642696873
-0.9654853929004208
0.6662643186327886
-0.7808107404862501
-0.891229286205264
-0.020335535680417127
0.6600524248856638
-0.5770493694643748
-0.37353913923377124
0.3185797275573916
-0.6003329443546448
-0.4262768688427043
-0.0918761391563021
-0.14030126541795673
-0.2931535622787318
-0.9544021397012905
0.23043383980225474
0.35588053213147286
0.6084671695736388
-0.05044423895640482
-0.8072665470128324
-0.7978102095060644
-0.6915364997547495
0.672920439348418
-0.2654832495943191
0.4026042852690883
0.8390236468037602
0.6931358263821454
-0.7725163724563255
0.270062500227521
0.06104685947926236
0.17032342134658407
-0.9837497567962408
-0.20503094547540535
-0.8923284333960657
-0.6749711352037324
-0.5131217040911875
0.6504829491743265
0.8510142039955366
-0.327981740836381
-0.49003638090476387
-0.6013876441721182
-0.478914304181133
-0.19205969847367954
-0.06489708903192826
0.6193469420620152
-0.7828187751401778
0.6401220425374095
-0.2938640087385762
0.4057580012766566
-0.2741330872001173
0.6957190310717056
0.12163795630072283
0.9512033397283925
0.7960146831124859
-0.5351054024868291
-0.21728472276733335
0.8004737822824493
0.8201654801399811
-0.39134437407375033
-0.14976343816939397
-0.25507583324685745
-0.2671714846560427
-0.6985746962288948
0.3762076827110916
0.31233230052526006
0.860152660036196
-0.019613459499213226
-0.3209208949349074
-0.6645655531225654
0.4417342811970748
0.33808301331774926
3.50405905744422E-4
-0.8212121671335313
0.5941533954474245
0.5217175335213364
0.009916949258328644
0.8618141643479935
-0.402840768967234
-0.8079589690440134
0.12017955352874199
0.536581468169115
0.5572527876664859
0.3466782581419905
0.024018013727257648
0.5620845779588712
-0.26025579343753735
0.6271896906434222
-0.6106936898670641
0.7624869998438262
-0.8408114876707102
-0.7938786824332915
0.22272634255769264
0.3649918968751251
0.37943392252677444
-0.7102506326773943
-0.9417863947405503
0.583710184598524
-0.10165778259574676
0.7741770052622341
0.8304488884695755
-0.1508997381104238
0.9785721253458894
-0.34310406320784326
0.06138541110475515
0.27825368729741506
0.3346414342372437
-0.5671223614960546
0.8178810671310865
-0.8604930631112739
0.6978141917223881
0.8937116275104098
0.791082211576678
0.7855607247387546
-0.0458140160316598
-0.4997368635294739
0.8032845222081584
0.8124921757196462
0.28766949920916196
-0.18622664859356508
-0.9344261335218407
-0.9522510019000197
0.558409620634146
0.34728039562359436
-0.41037132865978165
-0.6215842099345936
0.008486295635899754
-0.36130858711342695
0.29964327757771425
0.4017484484003555
-0.6894089726176049
-0.6512107390224009
0.5954094882298764
-0.5868263863222398
-0.038308645296652566
0.751910936431077
0.385173048880894
-0.6573456199737682
-0.9274745415444476
-0.8860125775213046
0.936957254950155
-0.09147391771025659
-0.2849029000646799
0.1420882414167457
0.28962763889085896
0.478609412163262
-0.8358297357983615
-0.05843327782647556
0.42004600950007887
0.9116111261791047
0.605088618408125
0.7313552645193653
-0.11975657931021622
-0.0024743607320936167
0.1790765007398103
0.9449134249040314
0.1986175701016335
-0.9760457943471632
0.5985027845113766
0.2837838261981671
0.981739460553593
0.46596074354462
0.9884191909866762
-0.2073349872849526
-0.6415680477019234
0.8302880887550776
0.09701273472372796
0.08936291612192293
0.17536090939110038
0.28045939585758317
0.5664385727813275
-0.49006428701593463
0.1834573732709981
-0.17250543928128326
-0.4331705184761778
0.11880077913772835
0.3470685180746311
-0.4083267142879883
-0.22989481606287265
-0.7144763070110345
-0.6371882660580812
0.9239805899571716
0.37653323686773876
-0.155534799840491
0.4926855302032671
-0.978427974295262
0.7058210156501112
0.7304121160219559
0.8960684901537588
-0.9201981595287525
0.7258473509403272
0.4227736354668532
-0.21218443232607975
-0.005943055124242758
-0.18403090764628094
-0.4671234403681874
0.9547394442478976
-0.8421543766661328
-0.9518327869057179
0.43334597784359574
0.43034304572344273
-7.086872385473342E-4
-0.6818753517771312
0.955511602050293
-0.5422536896502859
0.5563857449939125
-0.23034376907718856
-0.12976716015686818
0.2633297179158125
0.6120583380289382
0.12973934944626242
0.11948855584416362
-0.38130535733922866
0.6933222242304724
0.8077219049320044
-0.4194687663609391
0.686118574813219
0.584460319579462
-0.08888777579175278
0.5213574081684591
-0.7772383924584958
-0.0875820966349341
0.6916842786715254
-0.15429936394374066
-0.1385412584914274
0.8332711135641742
0.35945873459796496
0.7277050509705367
-0.10898942226503161
0.8818446126387509
-0.31155076955322447
0.3008916897700167
-0.2735369403057395
0.6422539977991772
0.38689127985808613
-0.30701751200847927
-0.9100548528974057
0.05535164351858146
-0.1840009496160806
-0.11240005187695212
-0.18478855189829613
0.8997586914474125
0.3151233549523982
-0.3541864063469864
0.14411478426328772
-0.7336317191305037
-0.8724868585000485
0.034957734111877636
-0.5991879302867487
0.6919081362393384
0.7197095660797808
-0.010902321458001296
0.009584678803335134
0.02535405872693275
0.1489309160201695
0.7649755226146147
-0.03526700275039141
0.07168955705918156
0.05663454667770451
0.15921848128529148
-0.9339175098132277
-0.409291853120461
0.8527695914847755
-0.0829531448152363
0.5012171354912387
0.32426075089541806
-0.2959370095560554
-0.11032778594450576
-0.3143657300883824
0.3835508028403829
-0.9489906695839947
0.1870276153378072
0.6645923319777125
-0.4512150552094665
-0.44793706405118505
-0.17557285261063593
0.8355021627334966
0.8166896524216987
-0.410141467604366
-0.8237963710482785
-0.7327103120368179
-0.12289362121722203
-0.22688409482539695
-0.07367315998009727
0.4732364108217961
0.1080828841253807
0.2292111113766484
0.14545811806273656
0.13638234389866621
-0.8504207756819377
0.9062249725720688
-0.37415003866092134
-0.008346105859147634
0.1491119566514929
0.5896089098056434
-0.3300479660956548
-0.16354274041899974
0.3683623070490998
0.8874342924648801
0.15553924432616095
-0.5284435985264402
-0.002023394908420295
-0.9504784556842707
0.8896293488138396
0.2666325165588801
0.7484923488080666
0.15957224917661605
0.015411607587746179
-0.9999999541839615
-0.9314759850478529
0.9757558659910268
-0.4491395330351715
-0.3604674711745983
0.6870476761292441
0.4940307891357332
-0.985337672928837
-0.1880705791078945
-0.41517440967496744
0.16980803031711922
0.5345352822070497
-0.14996611689737893
-0.5292844577584097
-0.3426068857657143
0.8349757282310124
-0.4870116255478234
-0.628187216981319
-0.08702953587333906
-0.9340807037083272
0.7415943586603106
-0.9579249453888128
0.555722906643406
0.5607546682629165
0.1413198775182607
0.5522853344612355
0.4930060242999368
-0.6984150334866641
0.2779768495966355
-0.35509130895926155
-0.010673167772340841
0.12158162191094202
0.3261679530244377
0.22060406774171848
0.5952021868725392
-0.5112694215399765
0.12818203592394828
-0.3311456780997406
0.6508032990461861
-0.9077764638453534
-0.6989064977354489
-0.3366195061845576
0.44061760601343636
-0.6078008145689429
0.6724010346491105
0.5137107960019367
0.49919015685589874
0.7954934311949822
-0.9703827242814309
-0.8025238111962099
-0.9456665208057509
0.18451067017353062
-0.06319870395375027
-0.2062907985916025
0.14302280908736664
0.15328054051597584
-0.7988982776387825
0.1956243107226372
0.5465224603443612
-0.5057813788687311
-0.5350419955085175
0.7020626053676255
-0.6348832803903188
0.23106222076116412
0.354684919320853
0.3699854824126516
0.7891471549813294
0.8079051235601278
0.6337433698890027
-0.14389366003972204
0.4218856218421585
0.9212096477191163
0.8890786587188897
0.8839509305463884
0.3711014308495344
0.9211255004304235
-0.5785135584129031
0.4433419803793508
0.2500084141513752
-0.2895999625812944
0.21604301438923623
0.3625050031772883
0.21460614592286764
-0.366383911430856
0.1362161437378686
-0.01130326029876283
0.21325740509706193
0.9764477513551701
