0.4195552577089843
0.09262538796955222
0.6913013858246628
-0.6754414577767958
-0.08425268826983157
-0.4944489161600778
-0.7513260876743588
0.2584388768119934
0.6831146602008848
-0.432909714864546
-0.070701639348141
0.960307250298464
-0.1342760533373879
-0.049426846580902684
0.8458377407188742
0.840415149060983
0.38368199517038337
-0.32440246227903224
0.8324688060170311
0.5301942676469757
0.2080024345458109
0.0026262077888097313
-0.07881118919341645
0.6140739419049321
-0.9712762283815775
0.3426156219463161
0.8779076811604811
0.6905696734239724
0.4310859284828148
-0.8573245596271972
-0.14057767224892492
-0.41600673057797244
0.47777577672994775
0.9450845961195209
-0.9331773480931644
0.045712374254291976
0.9409546662158892
-0.884180595475079
0.6478307604842712
-0.1360338088115729
-0.6640153480107109
-0.8999234673369152
-0.9599700565848392
-0.0561783220457579
0.379473192963524
-0.5138986835369612
0.4488916729006287
0.6239326223927943
0.5274586788023996
-0.355038754723763
-0.7810376188690216
0.264342556686767
0.8452631446381771
-0.7372683231474613
-0.5164750518513619
0.9696504666739707
-0.381259291795651
0.6928889503414335
0.6675032492852211
-0.7955641841618337
0.8373543658356646
-0.2694653265628031
-0.8296691811817927
0.012918528491698389
-0.03728418094682473
0.14640305885515392
-0.13004254203147037
0.57240662752937
0.2419271742400131
0.11743038753106472
-0.03387761175167081
-0.10983653932536241
-0.766734180275368
0.5519953489392979
0.12047300737600164
0.5959034050092362
0.18245733884063342
0.23176578830984385
-0.1469356313232819
-0.01279609568983453
0.4209835800402866
0.6784159552540014
-0.2807748507783725
0.752699776488303
-0.9464223584119242
0.7023070592559915
-0.08226936632895065
-0.8719967429436661
0.8602591445307302
0.701550827699527
-0.32932428762312105
-0.36812799281051034
0.55896706834458
-0.04629475768175251
-0.03260648244245545
0.9852249273950511
-0.6419493713324826
0.3786788126059861
0.07922021625010522
-0.6668155655409176
0.07358121563362263
-0.44975191313347107
-0.3711432112657205
0.4704011681801574
-0.0053478677123379725
0.0949215601415141
0.9375350750484301
0.41249554783656506
0.15053589781782817
0.0407107595551397
0.8751451848814791
-0.6384707871109938
-0.33322879009169304
-0.8353020507983451
-0.49706252826468034
-0.11900330221865896
0.4929565726339673
-0.06288257699327171
0.4253629584968126
-0.07409370033045715
0.9432283258704888
0.2709959801908388
0.9570707263661562
-0.7339030856789062
0.21110621046434375
0.9602264437380705
0.963033709820347
-0.20398345336772716
0.3035910575270364
-0.57472529387278
-0.45577326076281177
0.2417650295582925
0.6851036441280012
-0.8154480028006705
0.6182344175131707
-0.14371755932916064
0.33005525089610543
-0.669191756489077
-0.1163805190803957
-0.16385698256673709
-0.14645424527204454
0.21573410019097294
0.6588354822183455
-0.6015077805706037
0.9228857578849363
0.5322849847299318
0.6509202304455908
-0.2757582404185086
-0.751655080609726
-0.966930265778126
-0.16383981489348098
-0.6962823478636506
-0.8902707573726019
-0.7655259018528493
-0.675631093752852
0.613532569538294
-0.4039046702490572
-0.3699821797703322
0.33037545104066157
0.5085325601494985
-0.4808883884658939
-0.8272282627117018
-0.8092275555657304
-0.7697531684820667
-0.6937203482701688
0.08548997806999603
0.7409261710728494
-0.4866537597945524
0.08843248009286442
-0.5815601947666174
0.30670366004242355
-0.08580415077606429
0.6666292331163439
-0.8012596472636453
0.06732662793644906
-0.8093366915899536
0.0767690969077699
0.5013495615209662
0.6102127528299974
-0.6700758599138026
-0.9340497913254238
-0.679333812602567
-0.8743795701195636
-0.34891695982203186
-0.047197400049268756
-0.26695733565176716
-0.12163595611054223
-0.6979923405659698
-0.9352723188875585
0.5143323209055326
0.3458219153639195
0.4248502755011472
-0.7718213768176172
-0.887077900711164
-0.2740897314343387
-0.717689467272562
-0.3661789124181902
-0.3224684568173055
-0.6043483888506664
-0.28322940777484784
0.806614994405696
-0.2996149044267806
-0.6595827347351946
0.4570120932801598
-0.6184376212888414
0.7601939414346406
0.5758782145740569
0.992302517067795
0.9190690342475898
0.8357117775544176
-0.8508488080676391
0.0012169244282629332
-0.9104294480285455
0.7094568874770948
0.4325792802075632
-0.3473614319117795
0.21527709282371443
-0.9074797334039684
-0.8869589051176856
0.48896043373471976
-0.6224059379313682
0.2752091716536158
0.5316335734121809
-0.9434117291301978
0.08197837204571101
0.344602204522809
0.8430289468549015
-0.033577595135992455
-0.1823055733540262
-0.6910790514693257
0.8407571369041218
-0.3529243873226531
0.7581358936435394
0.8299507400738688
-0.7658798869043908
0.6961610398160092
0.31808286291414856
0.6885723292968497
-0.33560386285902166
-0.5599371301421237
0.3174673314144334
-0.4052071813670528
-0.18755359296388963
-0.9198197201200409
0.09692284135852414
-0.4975065963610332
0.5767883727195808
0.6337140327047055
0.08859733097469324
-0.7995604100861096
0.4906543516432036
-0.23035793136847693
0.066411032891454
0.6249272892256728
-0.7014937119070068
-0.40439028164939117
0.5831450935083209
0.07576616292816007
0.9269310613361612
-0.5309627754977315
0.9474490140585101
0.31613019856532887
-0.03820601426185166
-0.014173427607629074
0.5020584742596783
0.3981338821626452
-0.8170194755486688
0.44262642233184013
-0.0647817784324809
-0.020180877009083664
0.7100106777515522
-0.7263066968677461
-0.10949217907879216
-0.11443225989746231
-0.12373773097927998
0.23096442989145616
-0.764029106721593
0.7107815854748303
-0.9235068852919639
-0.5939639637857053
-0.9883478413309312
0.3830007142195768
0.521805623977081
0.5853195607250357
0.2953492038006451
-0.23454171445632133
0.08814932845186174
0.8847252080467713
-0.9904106176242022
0.6253983737173134
-0.7410887245698337
-0.872198465999942
0.03854513812120963
0.5883123578390594
0.5390963607656094
0.01133714772474459
0.9318041207352943
-0.9394242919335225
-0.3419467443791333
-0.25499058040760025
-0.05738595843325833
0.5267971553792024
-0.6203453128848184
-0.4432580153012713
0.1814247391141457
-0.8854811777324807
0.8032936751455035
0.22301290380073646
-0.7387464598433637
0.867734923061779
0.6660110984455205
-0.38656889359079183
-0.03039734587372922
-0.2179759083766588
-0.6544776921231252
0.13147904565307056
0.22236108257513032
0.3279194496545019
0.015863599591559918
-0.11160385414024443
-0.1616740219121391
0.9254671676395527
0.721834277947476
0.46475664161388597
-0.4813178594541745
-0.36824542792450243
0.015359744552302823
-0.8056275001689488
-0.1760193485515642
-0.8354857062751919
-0.763642086481988
-0.9522682157351949
0.9118619463076867
-0.6912584244934112
0.522641684070482
0.3972592832027573
-0.6680294401856441
0.7395885756283065
-0.8021552797044
0.2142656747848002
0.27021269966782246
-0.6563725027480758
0.31331016532956
-0.42247120540865213
0.2927103152012427
0.23190373979281698
-0.19066453822543017
-0.23397126326116724
0.8605094362544756
-0.18797287543465102
-0.9868801497603048
0.6634377116952361
0.6693021832304937
0.5228775924266318
-0.9947868482251456
0.719541897285882
-0.7858734062463435
0.13433115629495096
0.763218773269714
-0.7061476684039212
0.8872102845633782
-0.12426221302137908
-0.0690433666735144
-0.15076093158593085
0.38782779720059324
-0.9192868751469174
-0.4367560076276671
0.16850089397146228
0.256244282444795
0.5221329025813297
0.26090684587621915
-0.465637754343196
-0.060478459140634655
0.16004717583126093
0.7375862986631523
0.6434648107295349
0.9551651929118647
-0.363439676440793
-0.9506419011408702
-0.08249771167781339
0.4392953324653761
-0.4744503257027235
-0.5298634698610116
-0.17027799606643934
-0.35077421714082546
0.08142465272380095
0.31028718376809894
0.8825977076604192
0.8360403962187435
0.029956809599721357
-0.1471744346654822
0.9525541904281198
-0.6890421204085373
0.8055376866170143
-0.9789673125324745
-0.1397962925624039
-0.5000201569700242
-0.43694887698621954
0.3932708849295097
-0.7703688190755182
0.31451954879388255
-0.7211257930351
-0.2547630932495002
-0.032155377095505866
0.26141268752806934
0.30434878732679094
0.4268421795369768
0.025584166067326608
0.373913972812312
0.8463943631833442
0.5703631292171287
-0.506738310295654
-0.7340138118012771
0.02376066700554058
0.3784581913299361
0.5408812211531131
-0.604606760506412
0.3837464680644471
-0.4448996920557813
0.2283686181559652
0.9668088156570029
-0.9369602817992884
-0.680572359733854
0.7928163314700154
-0.18564099241141463
0.13766177124648982
-0.6180317622492837
0.6617280816479358
0.07371678735814369
-0.8691733305543303
-0.23535332411174825
0.14642595969127203
-0.5129273221772692
0.13385454085797877
0.4104353648372381
0.5373607750163754
0.7800062800357275
0.5441070638456484
0.15546491569715792
0.15314432318141513
0.7074880340146705
0.03523921165375099
0.8258615776448679
-0.21229950563130906
-0.9130559355441676
-0.9511080238564396
-0.02646655015078192
0.9550107618972943
-0.5804821342394038
-0.16672271071629852
-0.9204209803176098
-0.6514933590939096
0.5463688078868401
-0.14706542351235208
0.930946321832097
-0.9877589050997369
-0.8049520009990581
-0.744732666365959
0.3154226910218467
-0.13645229548459392
0.24169595278626788
-0.9967043559512472
0.18198882016640994
0.4119759140277621
-0.951988994053822
0.2703888184341716
0.9780242815429392
0.7868674724096929
0.3276379849706421
0.7415700682019641
0.0018043739100570555
0.5160181746766705
0.6548318434866809
-0.4226856923438178
0.2981807195041044
0.8904469672451973
0.9489535511127398
-0.030413051317894624
0.8772931634949419
-0.7946276681079187
-0.9484421445238225
0.45620088001049885
-0.1493894344036042
-0.31492582708145345
0.8585370153147993
-0.5416040566245721
-0.544445447402625
-0.5206021563501335
-0.6220137626200668
-0.13212575631310775
0.8794107046334769
-0.23776564124334731
0.5551613632590622
-0.06664789737205568
-0.7048138901548566
-0.3326103975489243
0.7391007281249233
-0.8169823203615645
-0.4134743247276804
0.5648334924368608
-0.7388126599147298
-0.3318879675521387
0.8657512217544219
0.01039738695963588
0.7541307319512915
-0.5758217130178636
-0.9214578653786079
0.5945671500184824
-0.43944983412544425
0.7203534317674523
-0.2592714723644991
0.8710970587141671
0.8635445605965255
0.40340322015679964
-0.8328788889446808
-0.43625281009417516
0.01733774306947078
-0.5579689601430764
0.4292552821686364
0.3295262661976366
0.9642901923267484
-0.36168186190789453
-0.2816196814246221
0.49939918026914487
0.595272012633979
-0.6030189460432229
-0.2080232411980938
-0.5775034084658772
0.4435952232453986
-0.5705391022438318
-0.25346065005241414
0.30744289144711856
0.1984057192542612
-0.6813134385170971
0.4863151258757268
-0.21550463596759073
-0.8183607565190811
0.9816821013879473
0.947139917649618
-0.19523191710196097
0.15334825404092234
-0.7589830441582646
-0.6135306427170528
0.9478887033166488
0.593410447794182
0.9524259917177769
0.8651537959455338
0.7270183581593286
-0.046668491169896464
0.4347532394597815
0.42345941585408187
-0.9397607304164419
-0.7199405103101459
0.3097035578021239
-0.6067088155374831
-0.28010425048374965
0.08442969366614905
-0.7172881596618614
-0.20947344560133896
-0.7234494629538732
0.3600630889269978
-0.11742965260195737
0.7958212972224201
-0.17820222234071403
-0.7457554268960256
-0.2737200664789159
-0.04079719132051651
0.5842504571556872
0.05050919451906255
-0.5130779743048328
-0.046781282933818114
0.44560070601350765
-0.15663071684775876
-0.5838259853791565
-0.5486380704178906
0.31872670019136207
-0.4311827587013153
0.009419595185424567
0.022946946894881748
-0.6325996673119396
-0.1000572939638722
-0.7997650894972914
-0.18743599080749296
0.1272263865122194
0.9252052276316394
0.33235685455231634
-0.7883074662472769
0.7300233393745044
0.49760743049035105
0.0810711977900389
-0.26799310258861886
-0.36106757844465553
-0.32378363740617777
-0.5177168710529656
0.8543616293093865
-0.4308781336545193
-0.22281659112832308
0.2763639311712498
0.754396231684421
0.5990290329507753
0.2096177999571489
0.8851930001670751
-0.5048480693666288
-0.1303366952976699
-0.507630182739065
-0.48535521372122914
-0.47095268941255064
0.7245692645864403
-0.3690158076029133
0.11109623301739169
0.16601202872653387
-0.33937147363391196
0.3797879600006724
0.19936059362788705
0.04153041032828897
-0.9600433167326601
0.8222777637038416
-0.00922026932212705
0.5578014514381575
-0.8442700977894431
-0.8263225284812756
-0.4259636763180372
-0.22682697177593036
0.949853531261466
-0.25726157782854187
-0.5124251803346807
0.27946284708346725
0.4479632378027134
0.5855580161339007
-0.47865078359010615
0.23373066711695634
-0.1926713914431739
0.5423958662665962
-0.7930584070944213
-0.09948024070229855
-0.2341955741938193
0.06916970726954697
-0.8710733034524207
0.8125394510719197
0.23505662638374503
0.5585160881641524
0.9266830303587192
0.9722119609912967
-0.20113545781831887
-0.3089956873392705
-0.34531972380906395
-0.6065376199653689
0.9573818836931365
-0.23470480517303383
-0.9693980778860682
0.7225808591641389
0.10081533262960263
-0.07326065060629139
0.024487981624120803
-0.3210578885382527
-0.5989413511051498
-0.25288756932386014
0.2284125236354948
-0.37918218238704804
0.07739778822847598
0.7038885807760908
-0.5049616744256518
-0.331527193241431
0.8224809942386555
-0.23434427613943742
0.4447190889079806
0.5061875367607425
-0.4326740495704078
-0.489019651675934
0.6146473634191669
0.23680328978640364
-0.7807860265963487
-0.008768613147574378
0.25987519301647954
0.4768392333342455
0.5238991957045176
0.8935771763593185
0.11486237607822947
-0.742815870219578
-0.21636035036211743
0.4685713082784839
0.7855346935089913
-0.766182196178224
-0.19486553054651146
0.15744818681014205
-0.13433611797181366
-0.7850286123213364
-0.8434706267243677
0.8874492816150115
0.35770780994309104
0.07558799755948975
-0.41976796760417945
0.5992078064128343
0.5270788208181647
0.7568989974530451
0.2383554434451418
0.7284195841387848
0.9301348547952324
0.23838350025639632
0.3601864721723824
0.08473252742531856
-0.9699823910977354
-0.8786671954349121
0.8161548193929296
-0.14600963926712218
-0.44921073770803566
-0.22230621010664242
0.1603556046081145
-0.7043314963055094
-0.4808530882112698
0.8948185758639315
-0.23624333976821066
0.11554374874786655
0.8043236255331649
0.6862014257656313
-0.19719977564130597
0.46434259255542765
-0.10938864513712687
-0.959763786712198
-0.92681317952536
-0.953684418360708
0.6032702543561135
0.4434815746217522
0.8662064800231422
-0.08261095674133001
0.5574164490170788
0.6418732158434004
0.47506178051588144
-0.789252483447191
0.21080911494431742
0.6927771648252063
-0.7087958834314596
0.2484047553280988
0.5752847762532356
0.31272936890464265
-0.09421606757163059
-0.7194768132185085
-0.12208412937602686
0.2401615171951743
0.1488924048521274
0.4399450542258778
0.7617985309547912
0.7093654221831516
-0.4206484503961425
-0.5923979561694099
-0.022297994316534675
0.0714011729005477
-0.4196131628258215
0.7551729822327924
-0.05835904626791133
0.09960834635954141
-0.07840486291240367
-0.035437822910175276
0.01976015399013553
0.5818314972203902
0.41519863216435304
-0.28052557555052204
0.9507482187185832
-0.571574621615069
0.12465338682681337
-0.7774343582619427
0.42732648012927577
-0.28544250357701184
0.47625990441749244
-0.9876486325276992
-0.46781427316808966
-0.17272045025014449
0.5795005389918884
0.0372581640257148
0.4600733391477072
-0.797707945952371
-0.920593234301023
0.5899063408062786
-0.2434400364539473
0.012279161049752796
0.9443382990841442
0.11291587539129821
0.1653438689117992
0.608144903009763
-0.26486712959108893
0.8582296084119037
0.09977920313631872
-0.4835661475592892
0.10666445471577668
0.9151518237258571
0.7406418454704222
-0.6393262797501751
-0.43957386593875314
-0.7819971391971614
0.8109755441467317
0.2013292415763308
0.7968305222119714
0.8024942426895085
0.1901886491477831
-0.5214892353455041
0.4085007649380825
0.8006306025623102
-0.2965999767780636
0.9935334789739714
0.1109013864846069
0.44714967012059414
-0.3416395815631039
0.17987708572061245
-0.7757624090050135
-0.283787178217598
0.0011045884542459916
-0.7089525609185117
-0.29937075057357876
-0.8847368502387101
0.3228170457035435
0.07229699353360775
-0.366855609956088
-0.3663292527583204
0.3742219790333625
0.9851114052544121
-0.1116459692888192
0.8769876089624609
-0.7698631184669786
-0.8821748397426017
-0.7283501241581982
-0.9866615993431596
-0.20434266294712544
-0.45731930292842016
0.4646433260102707
0.3166757939809923
0.9567679225610133
-0.9309010307982055
-0.13345732441757807
0.8123327183992963
0.35200311980170707
-0.9051170359112874
-0.5735159781922381
-0.1864934275896757
0.4781095731383087
-0.42847159284145797
-0.42863145091182964
0.9830141006461928
-0.3585098897854917
0.9767689835103441
-0.5861618795185892
0.9628581051889089
-0.8714635737770404
-0.37306348159657343
-0.43240193563208984
0.5848506838974206
0.8917874498148128
-0.3363296435681524
0.10237530696531905
-0.7912589760693352
0.03517703626250124
0.6139620753056152
-0.5616227503193263
0.8299981799269553
-0.5695367747737341
0.549475865626158
-0.6898050254255146
-0.7423966737393901
-0.09173996156933173
-0.43946223293626896
0.32267380930031897
0.8829081151640861
0.6409192329403275
0.512139427590943
0.0763497495686547
-0.6561800688153592
0.5708402144521987
-0.13624385734487832
-0.6423685619778556
0.7342768649158364
-0.9633885912877496
0.7117317445575249
-0.5310166934584937
0.9171793969381925
0.11071696368828476
-0.8475647166855305
-0.583055670131776
-0.03035196669592999
0.5863693823609852
-0.4336511277006303
-0.6191047258281974
0.822680013185846
0.03735743698955862
0.4876978860408434
0.6530649971777578
-0.24701938196792694
0.9236266592459634
0.3511891686915154
0.07034487603313067
-0.4570517382450683
-0.6733626268655442
-0.40312523512614273
0.8510576296496457
-0.15450441464009046
0.5723748146906056
0.36611221138778394
-0.29509322344888633
-0.4264084253468574
0.7362115526331392
-0.6639533250445415
0.10190896213417244
0.9801132198975335
0.8226536347591835
-0.8830088653340107
-0.3338090592825065
0.5017982792450686
-0.7256731955933045
-0.923463893132058
-0.19688952483474242
-0.5882063489224594
0.3883900383139143
-0.5438279814885301
-0.12676075250693408
-0.1415028787263335
-0.7951101771515041
-0.7893384593456056
0.49432274964074496
0.9640934424571832
-0.5196021819329517
0.1273514968670919
0.882411604282024
-0.6856112659390636
0.4716022390391159
-0.5279326283659056
-0.46406397684039313
0.3922502731824995
0.4273513782815346
0.6601866800560521
0.021573482845826497
0.29016196611445855
-0.07602397681443485
0.2659409990412753
0.13833817175488572
0.3831087318746338
0.4775455217361846
0.059948126171952776
-0.6836020928387929
-0.4487931456712242
-0.7719593959262152
0.7044307217334447
-0.2502962079977795
-0.9878009712462192
0.9142535546380897
-0.7624701180633329
-0.5334056946712369
-0.14286229364876157
-0.15544454684258757
-0.4574244107290373
0.3101156817485886
0.9782819889875369
-0.8825029415007668
-0.3748716439994064
0.6298762278566166
-0.763562352832375
-0.042460227608486445
-0.28993880465921595
-0.6201675906577326
0.4356718499570298
0.7050388675031556
0.9229023017499574
-0.7285186571966151
0.9565382573899279
0.7359320946611247
-0.3658873040634898
-0.3504866558855442
-0.2553495510549739
-0.6145877721504172
-0.5780727925846403
0.8370552481689595
0.7596458818190308
-0.18880771472050473
-0.9511619293078146
0.8402146442784626
0.9602841600266179
0.6557988845969347
0.848755849005592
0.5067121990929422
0.43462792284028917
0.3536584404814871
-0.5136658236193212
0.5009680071305762
-0.620042818432154
-0.022432045096466124
0.17689787172723914
0.7880853780340051
-0.7047292282694573
0.6304711564858598
0.14486814903809297
0.7117549773639491
0.9699326970256346
0.5622885865071683
-0.6494692634406212
-0.7938217293295762
-0.3647773820712368
-0.5721222604422955
0.329446092777433
0.1996892889318631
-0.008744832272310932
0.40102884148912055
0.36575473373112644
-0.15216910671786477
0.7299331916802227
-0.7792714226749857
0.16008237171219175
-0.12378030645500027
-0.3546942279359495
0.6697530144007702
-0.3452955257228649
-0.981387312325688
0.45590300955413054
-0.5280212366787027
-0.2569186910573582
0.3031658853495369
-0.9406763015740058
0.14363016752558844
0.217829069680487
-0.23004573521912053
0.09755502761081081
0.9450067926768668
-0.49935567409657766
0.09539963214398606
0.4322059470738955
0.7530664052790212
0.4496539919233693
0.5543314670368595
