-0.7063496519652721
0.9636701623611439
0.11631297769257909
-0.1839779314516512
-0.30805668396554253
-0.7371497756703607
-0.3455177694449809
-0.6619659767673691
-0.9358554806568447
-0.8461205529793567
0.48928893131492757
-0.9190813757369032
0.762701301170835
-0.8244747766333644
0.6037368371026406
-0.9389829015037232
-0.7783642966915891
-0.4284673009385147
-0.8512150820660598
-0.8584706631655521
-0.4069773713216054
0.380148378828157
0.8987772286255611
-0.3719306574081085
0.7776731310093885
-0.9197825748146697
0.9762306205373501
-0.29755833200297954
-0.6862928887402842
0.5119339296619885
-0.4745160531429353
-0.42615064729777563
0.22146443416892936
-0.5592875644182567
0.30573025625495953
-0.2166134304256706
-0.6495291718455491
0.09554106128191897
0.2774659250080391
-0.033192758890156604
0.0339385199972253
-0.7114328170068174
-0.8275908981870497
-0.43779546324282514
0.9285487137463388
0.3105555193629155
0.7654542486939735
0.4433736551177945
-0.19797179221392702
-0.3027479777411546
-0.891755246157657
0.26627364577575685
-0.2717023481945424
0.17457425378409952
-0.6625375976398027
-0.5648575252682588
-0.340264899637962
0.6159425237531386
-0.16305298537736967
0.026461966185864938
0.6683637740942836
-0.31704514104624826
0.5112757928257463
-0.24689146103206006
0.2825390815502058
-0.029000121100807963
0.7194475892808403
0.10766686464936703
0.29297492770304867
-0.05570716410130716
0.020832484749462976
-0.8069758269098966
0.16171516607631453
-0.27978984135585083
-0.6984370663159096
0.43000372453980007
0.7399222631627025
-0.14931157254889227
-0.9219414196113516
0.3259358229360303
-0.6148801304584659
-0.3511551047896677
-0.18460777119256422
-0.20529341664787948
-0.23420751115374228
-0.6781335755558155
-0.048280223877478434
0.13796416630569563
-0.3489898025732854
0.19660546488694952
0.9860134482860354
0.7288033165555472
-0.19498643348490696
-0.3377891120352623
-0.5351478444182274
0.6833899761471585
0.7414568694174017
0.10451375707760402
0.9950395098346059
-0.637372502660474
-0.46072336968263183
0.06977724680102892
-0.4876653689750208
0.4151077197039952
0.18191519093083053
-0.8291884969398544
-0.04740250785565214
-0.7457703049977997
-0.04610376645712688
-0.16365540569753678
0.20016539244859066
0.35651031575002
-0.686484707555677
0.9049310029938629
0.7292931910623746
0.5747511311929561
-0.642328637285241
0.2775705096789287
-0.29199479179507093
-0.2211331894424129
-0.49536504520879654
0.36859978854333186
-0.5002767334930682
0.5688209815434706
0.3428103217002725
0.9323109746367109
-0.5234506743326977
0.5482555751613711
0.7283169645410772
0.9931411698923733
-0.1509017775010857
-0.2959587299210429
0.16148137407797591
-0.929832423731697
-0.17870854353339416
-0.19388397863970375
-0.7679064231193455
0.6620340836859464
0.794537622396781
0.4236208376591253
0.49555184411222375
0.046325088633685674
-0.4257582114463927
-0.8525192613350638
-0.47321909071952595
-0.15220624146024253
-0.42739866694166206
-0.0837786367349238
-0.9039217052707227
0.5427413706306543
-0.1448386973827669
0.9609507963133168
0.42080561984629394
-0.9077634598503961
0.5446179764990735
0.8170776495385494
0.26911016992144
-0.7652477297395841
0.5738753930954963
-0.9055231572806608
-0.673374096121043
-0.38080935404002814
0.07137421885774242
0.2544549874769675
-0.3156308227531104
-0.07784567774777629
0.765229265024479
-0.488991775063887
-0.43418963046444325
-0.6312838532795733
-0.2912733734181556
0.15550576698721041
-0.5166322931775755
0.6638271989963722
0.3582471085842083
-0.9019271351934495
-0.10066405305279891
-0.7581042190234604
0.5756990788937668
0.22558822270737333
0.16352738528506205
0.9549588954644144
-0.5189419558725143
-0.7046496322967526
0.009668525796650673
0.8452599743296945
0.2466277495722975
-0.4848905927063667
0.21486199989286447
-0.514064108812013
-0.09684884752511369
-0.29569957002225267
0.1611880866587374
-0.476092226179351
0.01891690043001537
0.987955117668706
0.9857858763397671
-0.478039340972499
-0.28347796808097114
-0.656090010403305
-0.2344789474686395
0.9723868159514548
0.9079667991666951
0.005569209155724675
0.7546106788560842
-0.5575402974247674
0.8572736586573306
-0.2833793950603112
0.07834268384241527
0.2123945900435702
-0.7791620274452964
0.1407450676975044
0.48329348940764927
0.4793435829532413
-0.430766380432686
0.34849904430033996
0.7542110363663912
0.22636320647594066
-0.9397877715319807
0.23519106413741908
0.22999828519907628
0.19318231056574642
0.4111505089448424
-0.03228625174291766
0.48599639312076137
0.0359908702740368
-0.38978488035315206
-0.8850667176975071
-0.30296685024654213
0.7263582331186418
0.9090320200553512
0.9853792384844096
0.4554674363561637
0.514781956669238
-0.4443398514009871
0.8776175385800284
0.8907263351517847
-0.6277412327143408
0.45518712078709633
-0.5571686413115007
-0.17840268924872893
0.7236581291403301
-0.5137206581733869
0.16577328437380134
-0.6301970406385586
-0.5004279558929887
-0.44446537926093255
-0.9106045340586146
0.9731519615134412
0.05870357374824109
-0.36249904528487753
-0.6598980991305421
-0.941174588466422
0.3707472939593881
0.02674115978252445
0.7547106518127353
0.7721229895252117
1.06626363010065E-4
0.8193379070933005
-0.03314788839440008
0.10325959192541712
0.8936826388517825
-0.7552494471002302
0.6796716198350712
0.5145680181853403
-0.2486404000045892
0.8849489475974679
-0.4666555588650956
-0.257270253597085
0.8457035036940079
0.0462674170309878
-0.02994826916483251
-0.16457943923528706
0.5577805938495068
-0.4095649111339259
0.8057079668124063
0.6790242158949316
-0.3911071311202461
0.3847571190408947
-0.16313117223369633
0.2838323084200165
-0.006581281220471302
-0.802565928342674
-0.2571086633012256
-0.08458539256541742
0.9558371867786466
-0.6574747165395884
-0.2124430209549253
0.795609782982013
0.00540552238955061
0.670075146596071
0.38101051085416304
-0.4561489501143565
0.924849229182644
0.6004384967837542
0.4320063033704
-0.21069117399572068
-0.995184446523361
-0.18214358989794155
-0.39790368340243476
-0.5434041229230999
0.32373152438846176
0.9668490744471228
-0.9324667449307864
-0.8874518023630078
0.7930979102827918
0.2360081007928605
-0.7986965445566234
0.45885829713418724
-0.09885797650961181
0.06728697268201844
0.706844590928924
-0.43489434749650546
-0.38685830264481735
0.3949030051288136
-0.8333556347855129
0.7589923758318537
0.724624805198997
-0.20351982345023045
-0.286943660421322
0.22535903274292823
-0.8859622429793284
0.7300779001339002
0.5853097091540578
-0.6871785261013235
0.8043685465448807
0.6342668996700334
-0.29416854368448675
0.3066339125538369
-0.4814007722549387
-0.9155726839296168
-0.9093617154123097
-0.0013495620801584618
-0.49824531038559305
0.4269621935485566
-0.09730205362656474
0.7700216308030523
-0.21729665991344982
-0.6458670342441728
0.26379909153362635
-0.9004704360614735
-0.23824150638738373
-0.2642593520119283
0.5596100815490566
-0.5797707688663953
0.035517017415019
0.689891032371152
0.9042474746441698
-0.9306687987349744
0.7082649173014204
0.35359860005147437
0.6748154319549851
-0.2889758820441537
0.08966867720544136
-0.8950005743480296
0.58301851100965
0.05920326891669303
-0.3586379706300915
0.0924577267762543
-0.37991003471442286
-0.013163934657375753
0.31042911300144205
-0.158131475484794
0.3929194827023068
-0.8190396713207715
0.9756746219418129
-0.558027320849892
0.8634037714534648
0.38707880606739775
-0.3670367580903191
-0.6514833333529468
0.3096846512949021
-0.016023706502515722
0.15880014363165418
0.20160572033146962
0.44708015671978973
-0.8602459386764421
0.016716059657087
0.2166138285984669
-0.921846020483656
-0.8778598248544622
-0.8910900597209916
0.6875299080377975
-0.6144899159687283
0.47090004464875124
-0.8740055460388314
0.9326355466757936
-0.9624608188081014
-0.31256169086572116
0.210577755859638
0.6159243354283206
-0.3535149535862503
0.856447345295944
-0.4741916476441277
0.793689792015825
0.799838908543052
-0.8132755242925809
0.40789840719712434
-0.7357768060785004
-0.11978939654493659
0.8430445374994175
-0.8179674875034877
0.839579073650309
-0.8045337655228244
0.6382413697853278
-0.5660409232879362
-0.9881184684760289
-0.4399372412439213
0.16441589933678746
0.5549526844059844
0.15266028923410357
0.4001498068083873
-0.23554446093781656
0.7157255258848556
0.8622202002681343
0.6991504663651746
0.37981410917588
0.07525770600552129
-0.6229346129964519
0.6571728602198803
-0.24223190427356922
-0.0065941922204058034
-0.9530877446124637
0.8067458331273811
-0.23887018833076157
0.2915405014329855
-0.19115572914552525
-0.4909891182361723
-0.4043358892284237
-0.8066458163635528
0.31467355314695555
-0.751354501321418
-0.34477882539516513
-0.5216296369441753
0.9085936230540401
0.9524315643661694
0.38186280265221684
-0.4064226400559665
0.005719884462146663
-0.3244753740944746
0.04802570110478621
-0.006000945451992257
-0.4118669980300038
0.43111917033573444
0.6900313845488495
0.8209061831328592
-0.4864467726866277
-0.316653001496787
0.5570165095098198
-0.8232368691607721
-0.8772081255695825
0.07988549393237454
0.38662478630448804
0.7188941483421016
0.23563973820974993
-0.6301069392182377
-0.4214339840064574
-0.9307549131885025
0.040869133812599934
-0.8654692182100647
0.9094138321745686
-0.37449329123300923
-0.38545845583210636
0.951468606592774
0.8167794557616732
-0.240744135338127
-0.15817199648507052
0.9214160104871991
0.4782644331798802
-0.9003373026644059
-0.6289344633928324
0.1038568913004505
0.9203603583164282
-0.3732990109202745
0.8947888752882329
0.34080995456843444
-0.7852696993018071
-0.3643090915509051
0.5309908560960039
0.19157593489434355
0.45407096398418445
0.2853931134770362
0.3688825797490556
0.25807305525429336
-0.3529784238284477
0.4047640605052105
0.34693819484579036
-0.9504954498718019
0.9313498014947388
0.5088732613212947
0.5470262362200313
-0.2832594752331101
0.5769118686637449
0.5623731422353491
0.7169433658460049
0.48093861046202857
-0.8653511673350016
-0.07069634988239537
0.37468470076042926
-0.6124322455077511
0.785146527278582
0.16090393144148152
0.20129699893840147
-0.8638594298487434
0.45005323334161296
-0.20150616925338727
-0.4048201361598345
0.1675997019447355
-0.44808606018106945
-0.7936211767262227
0.23921381110172124
-0.06455516095519132
-0.5572545433038394
0.600123342629252
-0.6768899136365256
-0.6566724815282503
-0.5310565553436433
-0.10157404964992645
0.6668932963435756
-0.29901891433714956
0.39987672253320317
0.8022234071864556
-0.5925573337545462
-0.7680055050053485
-0.48020902336093974
-0.4074614618568637
0.13853437350013986
-0.8389215861572354
-0.9325917209405992
-0.4610205555454796
-0.564158301246515
-0.2848862020373468
0.9048763767346699
0.5236868504658045
-0.4481330450726049
-0.008587558179437904
-0.6925151791852191
0.5109178144927862
0.7317935224621686
0.5782608327748691
0.5878336501483536
0.8303448489161198
-0.9202377259700201
0.05695836314678604
0.9029026327317662
0.8925384939385044
-0.8039071558093291
0.07120227471358342
0.03973767047913701
-0.08200525932360847
-0.09051493127815902
0.5188117947866835
-0.7647651410757776
-0.4635433427881108
-0.655748369537001
0.6024247983590214
-0.8422312214323417
-0.298828506175183
0.2911496822821622
0.969940834530405
0.0631768983058012
-0.7368842481052695
0.3913929796915845
0.9821254412205556
-0.1651210624889745
-0.23689044421954342
-0.003056925607368255
-0.7360694778845971
-0.8723265833309919
0.5251340692100885
-0.26380646216034664
-0.8722734121488487
0.15702114581774707
0.9720551802435216
-0.20732359851182358
-0.7992162330632795
0.8103905882718812
0.23534783126012426
-0.30456435641735746
-0.35402211729098854
0.704504592986662
0.5933058084902387
-0.9767712000428472
-0.26616007815382137
0.5720953396857673
0.047612751246097984
-0.15926739818863855
-0.7942928807399325
0.9340386154885132
0.43603977627379464
0.9134447780033828
-0.13812596226397011
0.39750444899186865
0.8794274012519778
-0.21101070032271285
-0.8847161708044045
0.11802759470738455
0.07399837333591064
-0.31395149302067993
-0.1295603973653403
0.9731655860044268
0.9654398222750509
-0.2018393747504652
-0.9811434089215245
-0.18232093494090296
-0.3209169351554435
0.0981371481596296
0.08651668242281274
0.8249334893349232
-0.7690992740138647
-0.9801296946847591
0.12542752897263587
-0.6335118575807357
-0.49306972570861984
0.497815745805245
0.8105282817990846
-0.8583970065538629
0.27412551266433094
-0.2395475415198678
0.8848262869679053
0.34066016854907444
-0.42647398437627726
-0.9974638943907461
-0.4102126358561975
-0.48873788358839976
-0.2529726627981781
0.6019786738161117
0.5246457431607507
0.4930344879364028
-0.4380767341168843
0.900702591706023
0.49743709559028937
0.2969270556397372
-0.5772157328124736
-0.2651671930954951
0.3622022705437702
0.1270716252693489
-0.5018755891713902
-0.12189329000804872
0.5809466178421892
-0.1219778616345395
-0.26029751815695024
0.353396229015994
-0.6944170873274527
0.3874664670354211
0.23519086505529296
0.17075345564274613
-0.8557747720297706
-0.5157330831047826
0.11033836210464032
0.4664057361770433
0.4578418792313832
-0.5560500908214432
-0.7153568025358563
-0.75435821568607
0.02741695680271694
0.8485329934722563
-0.2150579982301115
-0.026452863014094774
0.23840907209321838
-0.9551585598032506
0.03421361027384062
-0.8889386048520704
-0.4515615609556991
0.40523304787017755
0.5582841406366819
0.3598463832013057
-0.06422726592912253
0.41691534512988904
0.8910132530644828
0.8579692132545778
-0.729677471326704
0.2608046376803721
-0.8910702202899448
0.8594211576587658
0.10549963130952578
0.9881426570938814
-0.6108226325667454
-0.4659932385894203
-0.7415701774047925
0.6628512295002509
-0.7399796547060016
-0.5598445459100845
0.7276539227443142
-0.09012811546264188
0.801050430827607
0.9517221513714791
-0.008408902554294606
-0.8054971627272227
0.9506272895148269
-0.5391407561641091
0.5376785001021298
0.8550103875573014
-0.7090263456139458
0.5325584954892904
-0.4087570731711745
0.4205591283155534
-0.7932606035754635
-0.6475237740338362
-0.5551997352041822
-0.9312305834512609
0.15073758449744679
0.7881713812445588
-0.4673813654825456
0.21197700076094272
0.9009463683063594
-0.8250982889095841
0.45202290167237047
0.14853520806547205
0.1557625056355263
0.5406380289498836
0.5020578194773513
-0.5247344921533539
-0.41011884495396567
0.40097365027596554
-0.00823160755396768
0.5294283018007995
-0.41893148498888855
-0.5168795376907167
0.5644962655150603
0.5133505649118812
-0.7815162050938904
-0.22080118534512394
0.09123120130684859
0.15211408451281883
-0.08390175027921476
0.1825453865962392
0.3051991286842548
-0.2555282964090213
-0.01985126217152966
0.626776645394935
0.281506003006571
0.2894266502974565
-0.18254510310634564
0.12586311903595915
0.10979991560544766
-0.9943262290044597
0.12181876232911559
-0.5955160431896349
-0.33544686076780317
0.008368759516386604
0.33861729032331356
0.9114480426372829
-0.7532928823465168
0.16745567446419862
-0.016912617395430152
-0.07501792648669614
0.052062986493431884
-0.7559499397111962
0.9756954840458079
0.18720338999576436
0.91594234037109
0.28613899516531927
-0.9416272771964949
0.046109390666817074
-0.40971763664808725
0.9621266975809124
0.5682885616472431
0.43693224716806567
-0.0715292947218511
-0.9794812947578666
-0.6287746935740766
0.20072196642060192
0.7848655460264715
-0.6136961669478338
-0.4054922709648696
-0.783461924122479
0.1800877061616586
0.5393586478728722
0.949831739425673
-0.38535577338068205
-0.6601882761987503
-0.23253533737188015
0.8992267325791754
-0.05838340055248192
-0.4160765390711767
0.6462943576620932
-0.30722238585283845
0.5642927037890806
0.7245525212533936
-0.32901241093062406
0.3946223076288915
0.8280017993795921
0.6256285560094139
0.3487054187997787
0.41413138915461856
-0.4744648859905225
-0.11674913261582875
0.2588144957565577
-0.22793254072702918
0.08682856832745656
-0.7946980971508193
-0.4028798082758662
0.3569121995557427
0.5653470529267104
3.7449594353677895E-4
0.5428325389200119
-0.23556050941375428
-0.024325546540517218
0.9302254144280748
-0.5782848495718542
0.9640040532326641
0.8278294638814085
0.7366064746190726
0.08613170417959592
0.9979055653280147
0.8073430508620079
0.5224660852578364
-0.8075283537553246
0.19557845861121814
0.46614848885446625
0.8491548999899203
0.12870118537318476
-0.02775137069160083
0.5178513210632147
0.5054088969847135
0.22955217633736624
0.18208887815462305
-0.12803895108045737
0.6105248562712104
-0.38587363039674405
0.2087953896017376
-0.10481627094332802
-0.1667168254890512
-0.5095410719713405
-0.49810167694434426
-0.4461119221700367
-0.06018574679104116
-0.9061504092116841
-0.8949901834263869
0.07037543420078984
-0.3722558392680899
-0.439462860871803
-0.12739599514594047
0.5165981146787308
0.6605972222962242
-0.014443370636381347
-0.465186206605285
-0.6275130881673601
-0.3144268946452433
-0.3266142675314849
-0.4548800726803932
-0.5079360905837189
-0.20054359645156472
-0.8377480732971494
-0.26630184550928226
-0.8509671570799942
-0.07844205118010206
0.9877373624799608
0.18958158764728528
-0.12544592338756155
-0.6607726301249934
-0.6514154335889668
-0.49231421769514583
0.6534276386889477
-0.5893830419820165
-0.15262884842440227
0.5621337746131658
-0.2890770272121499
0.3410175196629499
0.30098785694986785
-0.6947895938462783
-0.3989901147922139
0.19322827399219178
-0.7493803567695767
0.7416650813944505
0.5977606091839345
-0.15093828396587705
0.2481947614608715
-0.8090276893829971
-0.5047914035945702
-0.49177246539653763
-0.7439665269569169
-0.7744488213152938
-0.16303438861615138
-0.5075224750675345
-0.4313078864443449
-0.739165596473458
-0.674586603407821
0.6170362790286947
-0.4492344918181743
-0.3265309498025304
0.701303350577897
-0.8020178930145527
-0.8183247758112384
-0.4631791208244187
-0.2618886429518448
0.8833830437498207
-0.09176298227027901
0.5883455325902522
0.161512242984726
-0.07236607177954069
0.6280667273532474
-0.11871936958742646
0.2828530398811646
0.27258097449086494
0.761649188952817
-0.27649833845244576
-0.07348000050498538
-0.14433905775097644
-0.6818392816285364
0.9692784648042447
0.8346100415854716
-0.06557740283780511
0.6199010469889767
-0.49494402766018064
-0.8516670140382148
0.8984384239007155
0.9224558686084436
-0.14172358735723178
0.7940865447998058
-0.9662438167833132
-0.4475220874550687
0.25864940398635694
-0.3568390022553196
-0.9883211331211108
-0.6177609676836482
0.19416715380160565
0.16754772203904356
0.4928045461921027
0.4698714103958128
0.5295532715079414
0.9803394615429231
0.16889573961211535
-0.48351716427769365
-0.4072770311980338
-0.8722729918404359
0.8092900640944753
0.42609470133870464
0.28522452001904486
-0.7093873950793179
0.43520489768141046
-0.2983810124145545
-0.7644781016322726
-0.8426248699637877
-0.3855725352486279
0.6698546209467235
-0.7106313626393541
0.1453389956119493
-0.9494751341481233
0.6007499519693644
-0.7805857662912881
-0.6229868960740412
-0.8651526805763563
0.6709436974205971
-0.5634250692381133
0.35818264828195145
-0.06376079305644922
0.41886184004288185
-0.3014088440793887
0.15845195488573682
0.2225131974148462
-0.1515855975634921
0.33658470814429786
0.06085189059373497
-0.4606166620405079
-0.3393993598853806
0.35831887025886844
0.62564147302768
0.11669356432179101
-0.7729020036604473
-0.06274354139074578
0.9044486349139897
-0.5715818088579634
0.8671744489992605
-0.7406000804356401
-0.8555894029335342
-0.39794714811963106
-0.25096915687776655
0.47528930287927507
0.7379905008264913
0.5546533932996394
-0.6910557737476786
0.592424530859873
0.4026618144477907
-0.27307759047892466
0.4663500647990093
0.5437679290653283
-0.3843317291255517
0.5933822269647782
-0.8897346083554056
-0.619125024203762
-0.8174176079698952
0.7458150652338029
0.3422219321569675
0.5655913723155135
0.4844012588105908
0.2787910318241784
-0.21685689966251687
-0.32785567624784595
-0.573565635327365
0.4502451234434217
-0.11363554083771032
-0.5381518764396136
0.40325284925886584
-0.8532942578844884
0.6462632628106453
-0.744466790983497
-0.3025135615714747
-0.4480832622658302
-0.6482723870962672
0.8041997321952079
0.6462691009909631
-0.40076263093436837
-0.8940376920840605
0.44628636338621597
0.6376498996089053
0.28234262023482204
0.7188931576957658
-0.7596638819287278
0.5403025982157275
0.7053899734306963
-0.7243022587920696
0.9747318650562338
0.5233809264574891
0.8729563384270469
-0.8052435127598647
0.48156420629363805
0.3893841887649432
-0.34830743531579356
-0.08941787560408465
-0.4804146829293734
-0.478587666525329
-0.9202200325261742
