-0.9324842436074767
0.89828540800751
0.8956820574926614
0.6776395349016962
0.5924676175274728
0.43140086981522074
-0.5950877852178795
0.17891435726071814
-0.5542406260509345
-0.8439512078394718
-0.08433465049517608
0.16989524325357297
0.010575451494183818
-0.38743201045791387
0.5259532587975013
-0.7256472746447247
0.9081407245864748
0.44960255723907094
-0.33335002753793086
-0.38825014025493787
0.6672114126852959
-0.0077193395053929414
0.6727627161729524
-0.3905364454064082
-0.331667164956402
0.06424023262453105
0.857283520804901
0.1924182727188164
0.8931986439555804
-0.5951282518101
-0.1623174668398828
-0.737208532060317
-0.2854758844205978
0.056350149702343755
0.3514322979260023
-0.5530976542345019
0.7294237504086287
0.6907324714172332
0.34577995601154443
-0.28665118189464156
-0.5306370018919804
0.005599506204273741
-0.26168703959024175
0.6559106563736359
0.7123302179228983
-0.9625756343134495
0.9186922063111309
-0.01330968545876976
-0.9220458743071867
-0.47494743421541497
0.7982534238721151
-0.9005844987546918
-0.39612943581527005
0.30138230647946385
0.013007372741464573
-0.5602189732451197
0.08171894509015298
-0.900463551050871
-0.25310349764770734
0.8591603654890196
-0.9262712783613511
-0.8694791846493455
0.5659937283661793
-0.8700289009967122
-0.26406700475995826
0.32256625037227393
0.6406583897516265
0.36543007687507
-0.1583747977028811
0.20805611779679967
0.7814904648163921
0.21338953538056304
0.7287524900745403
-0.8978579404477987
0.826254576102551
-0.6166040070014065
0.28751813824431127
0.4378565186676757
0.08877170973262949
0.31806909394706695
-0.4404573475460929
-0.09426914336413006
-0.1828946183312019
0.6343490236808567
-0.9624878333692304
0.391633757751648
-0.09280289802662467
-0.6628845911198165
-0.6656797365090537
-0.3852546313741456
-0.5205658364041732
-0.25286708904020117
-0.46671223874478796
-0.16171249102115381
-0.6505394027734481
0.5872324836009517
-0.7638769818160656
0.05883242566668412
-0.08912966659092803
-0.2649100717495305
-0.9071363797197143
0.6757157603800403
0.4962505848199712
-0.22208305630007485
-0.5718818632825435
0.8002833943612118
-0.10563037086858351
0.6938321809855681
-0.5294952431180033
-0.9145965680403843
0.37513377812860904
0.7366341611919447
0.6472626584387482
0.23887930232043697
-0.6897356087349105
-0.08484997043318754
0.42358817222273215
-0.7698979866758602
-0.7235250688053774
-0.6647123296522846
0.24632815099094052
-0.3925169926200982
-0.6107437880964179
0.11237145768726942
0.2942394579021754
-0.6850875558855272
-0.46079454509443396
-0.4367041043972959
0.9421020678957033
0.9286906829593757
-0.8108364874963068
-0.047516525278300525
0.11355213277022203
-0.6679164428530828
-0.5607470891590793
0.1925869412389951
-0.9724217960553749
0.502855762760487
-0.8217637741317998
-0.4096710270863031
0.23620271852949193
0.3098393056891575
-0.6865555587687617
0.9798253888348172
-0.694050668941987
-0.002202786052332817
-0.6921491319738371
0.40019139465538145
-0.9867264472733575
-0.6144536651827366
-0.448303782551865
-0.14881703023553383
0.5042136742089061
-0.289495090521962
-0.5426025545955402
0.6000794235943623
-0.48890376074805464
-0.4764646582030734
0.5903012353125412
-0.9850345952855566
-0.5757915856208864
-0.9288453905244629
0.6341716170880145
0.9640243677881177
0.7839283458939446
-0.8021121102566651
-0.46087125336650203
0.4474085142949167
0.5888822506741045
-0.040254960807153184
-0.1889158314900774
-0.6822970596211695
0.7082750420746002
-0.1394984616424355
0.5755468058987203
-0.3030443606074198
0.6416198360345258
0.9056694095436542
-0.21499981181119
-0.9873026539503997
-0.11333065570581846
-0.4852537774074064
0.7378815940582462
-0.547671165405909
-0.7435694193928246
0.7405342104755084
-0.06147917658149793
-0.9252939507126723
0.6287224984985378
-0.7849765533541986
-0.7487754636136061
0.8197069909132464
0.816813907056309
0.7745373698460698
0.2880199618238517
0.22101696880042043
-0.48274250365424054
-0.1874585225492107
-0.981598691502976
0.754322293168636
-0.3788859967789313
-0.9332813472235044
-0.2992520154690963
-0.5574443752495779
0.5673381039510452
0.7676190736408677
-0.5910858799736458
0.5917885705762864
-0.12782362008266634
0.8593944388482377
-0.33618424257088786
0.345821637174613
0.4860057891391789
-0.651170272837009
-0.021329836935729096
-0.8755265921599735
0.20911840012126692
-0.25291020317950874
-0.5121292172436303
0.950024746253012
0.04053741752175122
-0.960700673956489
-0.7466914165761398
0.1682267259379031
-0.9609731229055958
0.6502799197287532
-0.6717215758351758
-0.8652660534880781
0.04303561169020931
0.47046967742053014
-0.7920610338617675
-0.9352215997580446
-0.5736053158298597
0.16425391454753835
-0.09337982779827514
0.4333516953789982
0.9591648375569679
0.7036403672105478
0.5761030227221087
-0.9348828963709668
0.7981093992556532
0.35341263674868584
0.31532223589230624
-0.6322743890097606
-0.3511544557306647
-0.8203985597723313
0.6207726355000154
-0.9608366554486836
-0.7781942371436534
0.5613143238975213
-0.21177379615846847
0.019210916064909433
-0.753281487242341
-0.8433307569873874
-0.49980344251383446
0.4570488132184203
0.5153955538221404
0.3067790778683761
-0.18008534178964997
0.031494865557056384
0.690192648313277
-0.04256168447885322
-0.13859192624831373
0.08731466313303615
0.9455860506750802
0.8363659647228903
-0.4833957550574848
0.7404969364402756
0.9028879699263224
-0.15543854958823577
0.7942064145025869
-0.6426586671296939
0.7732005486071407
-0.596465666824433
-0.4385814081407038
0.6266564494680567
-0.8587134301570245
-0.15412938763286732
-0.22157555067845314
-0.17867780738382133
0.4031133368040787
0.8448024501377491
0.6768535034923235
-0.21507962691375493
-0.48759564594534344
-0.6508488210841568
0.7572946034307313
0.6810937544653959
-0.6033889584377159
-0.47678442419487266
0.9672471968009309
-0.392255962677603
0.17029554741720387
0.7868821206831829
0.9697263449925775
0.8051347458955129
-0.8960065597909439
-0.7905640341676574
-0.9759320678615708
0.3764166882646942
0.19920287842066364
-0.7687457899915782
-0.3256930094093362
0.19104671091180303
0.17522608342693347
0.9707678022283039
0.17683122246839011
-0.04397486750415913
-0.30883443858181203
-0.7802206622066559
0.3978388947855436
0.3168283339713156
0.7064570114286368
-0.36157104062950607
-0.22754011583379774
-0.7106326724111987
-0.9741019937641762
-0.36819701718397413
0.841225054009717
-0.6737434762900278
-0.7197896662830721
-0.07661764654785319
-0.13410134952901465
0.8851286762914827
-0.1392485525224998
-0.06376733994515127
-0.9244840626231168
0.4936863770751594
-0.3429309378159273
-0.24896072650111156
0.20479617878944945
0.9956335212571497
0.838570961510996
-0.3692055034351167
-0.8390699931966779
0.9135822115215191
0.37665971396546927
0.8851476061814962
0.8910671414922615
0.6794846724534871
-0.4787391467892612
-0.8068693130541795
-0.178339782524098
-0.13990682831961587
-0.9742490007036722
-0.5888231987815928
0.6021465012476095
-0.5555975640730304
0.5568699714723901
-0.635949531318089
0.3092793931982416
0.7619846295850818
-0.5687203378710779
-0.8504874358995684
0.7547486754336838
-0.3344229659620994
0.5880106657319579
0.08324652002689659
0.0875564547251364
-0.7617608320153824
0.5361150288000798
-0.4312264747373393
0.49394445063399317
0.47484581133697645
0.9094226891846544
0.8977901508712951
-0.5285035298774174
0.13963841053144255
0.2153758838494002
0.2695625893139586
-0.10963294464379558
0.3160082370302222
-0.6175043731742065
-0.8362831534616852
0.8534167287809264
-0.9583607649439205
-0.20888890583259134
0.6089653177571528
-0.77163871984145
-0.13840884381439444
-0.38543859267132063
0.861015520044599
0.6488715547987332
0.1338562148595961
-0.4968425037339874
-0.4638922045094189
0.7678873364465548
-0.5136232507147918
-0.08923001485653437
-0.6576665946988933
0.5952382550799993
0.9514630940798023
-0.30601351724837134
-0.7909132631445472
-0.13700825130012473
-0.006994511636514211
-0.9936393689995526
-0.16429087277353704
-0.464223514271374
0.8938256039981547
0.9653528474968283
0.4635839983976249
0.819658476409288
-0.21503283971689013
0.08714103803325002
0.021647058439820954
-0.678026016574258
0.9756784114420896
-0.9354423614847402
0.7034782094047669
-0.6241474842198678
0.18229157483666558
-0.8940128563586196
-0.49515567868616617
0.966990960274956
0.7561582826323439
0.7581376690648549
-0.7162339698857803
0.18656791088354585
-0.924747480035981
-0.09682425980284948
-0.49911575459064483
-0.31698462135577166
0.8910064175427603
-0.5492052974172135
-0.04389453446953828
0.19669360150353077
-0.3886035225345006
-0.8616372699870454
0.5582078625898841
-0.06465792495830591
0.2532519934186559
-0.1926241556099073
0.4472936404393588
-0.7154910669469383
-0.8887907110283204
0.5420193509936526
0.6356760130409931
0.14598790485064517
-0.9323101125775943
-0.8642814120968945
-0.25900816391285786
0.058621555452694984
-0.09226716310713345
0.4941390048726213
0.35603532832397344
-0.8203443465564135
0.00446472136045295
-0.21182743016975203
0.133009910989226
-0.8088396738935635
0.3054447065916641
-0.5619731494565463
0.7555994874971967
-0.755141129400591
-0.3229261740686329
-0.6603896951004014
-0.36953710856435196
-0.8299644584630255
0.3537125815773374
0.13698528612418692
-0.6495410322690534
0.3430205674586948
-0.5098983004171642
-0.20025986821247876
0.7651120776756661
-0.14692108090006206
-0.36986317029634086
0.28170693092307597
0.8395318626409571
-0.10164211176228832
-0.718001544890918
-0.38246705956081395
0.3912033470401608
-0.2931238847247155
0.7290930172678052
-0.5438113667258562
-0.7352323960415881
-0.2986345871859537
-0.291785483847792
0.7355761061663746
-0.46188510432375063
-0.8868958725503271
0.6507870490327625
0.969978100510366
0.9488169495231917
0.7987097239450816
-0.18999533231342935
-0.5478337247808032
0.8881270256469624
0.6251859633565724
0.7861356992509339
-0.4354336954863094
0.03047976029373789
-0.5376524474944455
0.7142130222951053
0.34895414409505543
-0.050373408400592234
-0.44192470238300774
0.6927847697754088
0.501737631638778
0.9182442124823778
-0.1293201486166602
0.9093524086480624
-0.9580464223639407
0.49605863924847204
0.7939835144487464
-0.6424226129831536
0.041690945350827846
0.48222871418974433
-0.36544509881875964
-0.9567102709080901
0.013727120393453474
-0.6590628206727664
0.18686154306275005
0.1407851059661085
-0.18125696136394565
-0.695159842254027
0.800932157613993
0.6878508970669923
0.28456121488574526
0.019228687233576514
-0.5515508618659957
0.09741399031388753
0.1224282554727878
-0.1895397609316951
-0.532979981745918
0.01565652873267398
0.1804427788977443
-0.5545805475396817
-0.1012959434307501
0.8708987392188154
-0.4081943160840438
-0.405527552937345
-0.36230049836236766
-0.16549804518493016
0.9556504703483544
0.11858053195110885
0.9634235296392055
0.8544965678193035
-0.6692129704693277
0.7719429295937377
-0.5409532369357721
-0.07540612555449511
-0.4722278124337944
0.9447421020216729
-0.19812920537824597
0.8156942547673058
-0.04770266831309722
0.6662663936386681
0.46076660401470515
0.12395541396429999
-0.9170377621909018
0.24688987520388395
0.9472187720996119
-0.3210599808242278
0.5590816165497783
-0.3419089640898252
0.9403495567940616
-0.892686999757204
0.8092501838023376
-0.9671040720047968
-0.6573761830283846
-0.3379867620733674
-0.8310311106816948
0.5148338552794427
-0.8782346281242217
0.3037771840272385
0.5157138325564585
-0.9083029619953493
0.6557418230362526
0.4613444256902983
0.592407289703935
0.021099493918526502
0.22150484880476573
0.8986297648749935
0.3953289275823799
0.9880319973093294
-0.7455009123340612
0.6815976988419798
0.2700817983005881
0.2303148376608699
0.05478291264104174
0.36452996413432537
0.6893084408981636
-0.473948448144365
0.7269306783666545
-0.7951713328335535
-0.9215723229123383
-0.8421081480523847
0.31471545794663425
-0.5325481365722449
0.5107432361838762
0.7521125678296186
0.32789869284028694
-0.3054700999692759
0.6108518512814802
-0.7637685051941532
-0.8427180466730158
-0.807333861787705
-0.41464277700385677
-0.9329306255239347
-0.7644971883824134
-0.07012346161267424
0.9424748048291101
0.3518805424765199
-0.7751128519067914
-0.4639221878617448
-0.8328108242697523
-0.48162544515699346
0.9999957583964942
0.16548486983976352
-0.6137944903156165
0.7851546310742212
-0.25866643886788543
0.6062334343089524
0.8870137262937552
0.8423021786347102
-0.9319838285381183
-0.7880044410355735
-0.7520382027527224
-0.1274605755976852
-0.18898218957173918
0.9823090922386271
0.7913144045340912
-0.6733948026930929
0.7649515460249452
-0.5672046813039462
0.08884888582159167
0.7121826301603296
0.5551628358539842
0.773392975535286
0.3296207436457341
0.06392001048845586
-0.3817570687055727
0.3521880742209522
-0.49789195966160715
-0.26721067398988585
0.21789905877053384
-0.6756258733768041
0.5480218626634539
0.6662307136247483
0.4044453981235745
-0.9296707587275856
0.9126488977640386
0.44623309422019086
0.8750065757597068
0.01374991634000855
0.24666998867989265
-0.98929457502055
-0.19714485851885688
0.18023498983635755
0.40697658507405765
-0.7958044395347108
-0.12186938953473514
-0.9113346142594752
-0.6409149357047796
-0.9127830216275405
0.03851695046829717
0.3821794744117024
0.10132732712447479
-0.7208532986099632
-0.3327161741191895
-0.017503708412498487
-0.6889260225570362
-0.4821390390640359
-0.602576300108747
-0.509208023660682
0.05582437165643084
0.08997838240334066
0.08444660347630473
-0.9397114352721669
0.6170764978728971
-0.1812169604602245
-0.003279014836094829
0.030166656221995103
-0.7575330398097899
0.8926038330391421
-0.17892124261053977
-0.76263316160162
0.4717504292549739
-0.02537142993102215
-0.3072709239090685
0.11229809874564634
0.5747648425967802
0.755835476646594
0.13235499706824738
0.41642438313074526
-0.4053915960881078
-0.6040732240682198
-0.4904053890489626
0.7941536938953067
-0.49316933822839704
-0.8571465507836842
0.45093610157346387
0.1884069115841709
0.08551932088259284
-0.17027815076932096
0.47138493658773073
-0.3913029349437458
0.20974298932088464
-0.08142249277216296
0.03308920671237692
0.7425029327025714
0.5488859453534529
-0.7062363664961542
0.22043705399129432
0.46517345388337517
-0.16700761661149421
0.10325479343533495
0.26996891489264585
0.4305530738213865
-0.7556875996836319
0.6045705543942355
0.30477423899211975
0.6139709595047056
-0.1411770931929046
-0.80742430145922
0.7968721967338561
0.9311905881842739
0.521572874775392
0.5696770846242989
-0.48259783656138167
-0.128631234540308
0.05728146180032612
-0.6353689225668613
-0.9667207437381218
-0.5409737735454523
0.29769502604139064
0.4143779178954776
-0.8297022794096756
-0.20051370335840968
-0.9502119798301745
-0.6059779106327312
-0.7135068053870768
-0.03581083185926093
0.8339697729654023
0.5132823450844168
0.6859027824307566
-0.9632554560473294
-0.01096144614918182
-0.40656358750052135
0.05169083778760841
-0.2324629425892648
-0.42929923606493015
0.9969900685819222
0.38893494524124494
-0.5258471716106081
0.3630535808571189
-0.3969976147245562
0.6411968332250062
0.5768477481847056
-0.7224950666372265
0.3042021120593732
0.8813285193204066
0.4727330916324075
-0.5688152873551198
-0.6522656368485402
0.7757945281263983
-0.6706957020360087
-0.7230217201439835
0.24957834463067274
0.8831177744869982
0.8173947017364978
-0.7001082248109955
-0.01661893333786013
-0.7291152044744416
0.8055872308964778
-4.626589744602949E-4
0.6776549339677456
-0.07792491369678145
0.6025713692569727
0.1461027556911738
0.15098983678650701
0.45030639554108687
0.4608850283903463
-0.3727491591515779
-0.726866260924018
0.7549164863945044
-0.25506589881919917
0.5959694005331517
-0.6395006962175112
-0.5793700532215449
0.4181367634685884
0.08447250608228551
0.5978561377237739
0.902886919076193
0.31849093863280875
0.7668309101093995
0.8236727744941541
-0.1612621414790958
0.06881797128663258
0.1330883206538056
0.9247742082033719
-0.8154617707962697
0.40738759944031444
-0.01980217400423334
0.5566850678191175
0.3055031182407224
-0.7734165217096254
-0.16980925066274954
-0.060768820728075434
-0.3714882486768747
-0.3282795877235365
-0.3464306541501583
0.07267493942768022
0.01837888273869015
0.2790789231868891
-0.8940083053710355
0.8778641722580576
-0.35086175808373254
-0.6783253647144909
0.37889575916836793
0.48457601913622605
0.8157120803676052
0.2832339322458921
-0.2802121344770654
-0.8245585080904394
-0.1323319768043918
-0.3046996345258248
0.6954990157798948
0.33853865534618155
-0.7544069528465165
0.44934890562165153
0.35178983035503686
0.1899467300083182
-0.5380568883326564
-0.8647612109543712
-0.4347359112264537
-0.0017453190197711521
0.7920534356948674
0.9592886603354815
-0.9113717314916745
-0.9237771228987925
-0.5726754275533701
0.35971087465208074
-0.9420871526589472
-0.099501506295123
0.8914258650664748
-0.43590530710658637
0.06034915508296068
0.37848815503013844
0.631687036456746
-0.9769184273330795
0.25417380158750547
0.5021961221443751
-0.12832341796785762
0.906328994254803
-0.5132891282175058
-0.5879634579074635
0.04729307015276207
-0.3386885712626915
-0.12534025228763812
0.23933520893907434
-0.5524751746892838
0.012461880481037468
0.8905955592653978
0.004435284660732286
-0.95763975612753
0.7176085704100084
-0.3577340843430572
0.3180283423124448
0.9041603867172592
-0.09938380936518332
-0.26365278752476695
-0.3334677968212145
0.11513259007733012
0.8435932582134387
0.8859009903466584
-0.34195776513382103
-0.39762746061741594
-0.25101958043269557
0.25084893850647516
-0.2364151967568553
0.9532700277430874
-0.8287120847147527
-0.6066360188467708
-0.19089495284286517
0.9379024676234202
0.5702034202856778
-0.31484783835854846
0.7568241635984434
-0.798632928366213
0.7512443947947145
0.021178759362178168
0.16030472730458523
-0.61216797406049
-0.16291724819994058
-0.22553002840200698
-0.9142343435416842
-0.18058561218232527
0.8521218313829557
-0.9308006574210108
0.2628907088850061
0.7768207977971671
-0.9951400223053872
-0.3456528238941621
0.7615795762906623
-0.5849849941029632
0.31702708918997846
0.9277979097719782
0.5867911082059694
0.3960046840069533
0.3754343207695272
0.9908198051943504
-0.7581664910401655
0.4321679595489176
0.6719301245114384
0.0054486705887575315
-0.46884144702207453
0.10736782744222717
0.24880826212074103
0.5823760769666324
-0.3430804975360011
0.5794317767963812
0.1814676614621369
-0.5554805018614639
-0.9907431420187625
0.06640073137718927
-0.19292331628077775
0.19153194477161573
-0.041521964927069055
-0.6197194530962276
0.5474463811020216
0.633084106150422
-0.5719993484328658
-0.8041428618495938
-0.3237271402654094
-0.1361668687589097
0.060132006017269646
0.22846443397267335
0.4453591863145028
0.02056732044990839
-0.6175387436252879
-0.9565780259105343
0.611382970170711
-0.507903335204877
0.5408423422031268
0.8311882134982072
0.5942266816660005
0.2450357637277103
-0.11434932521709129
0.15610273368765304
-0.750157453633832
-0.11629604180672382
0.9811983417949621
-0.577081028194518
-0.4449238658644872
-0.9200533921487428
-0.5461036582703473
0.6041573391252024
0.37882617920054296
-0.9112418085846616
0.5029552571114433
0.6326367979455656
-0.04662918609765665
0.2081668766057878
0.8681193149809727
0.7873704457946546
-0.33835548949298655
0.24691858979194015
-0.41786890971220814
-0.6126599598955365
-0.6792980040180652
0.3310755507839984
0.9313282823602103
-0.8435091426061498
-0.7314405637991546
-0.2892761618718709
0.7059758641085596
-0.26538204227331397
0.2510559705549871
-0.37943851994816935
-0.9573581972996215
-0.017357546620237807
-0.6426687414977672
0.7032172664437562
-0.05587482244844266
-0.032896600610675675
-0.9330308674586527
-0.978271048822001
0.9081515325588421
0.8075217840850182
0.8488093565129884
0.2676863013934907
0.0042508167085624216
-0.06838227331938751
0.690882887316242
0.41412425978155265
0.208938393521362
-0.29280647070374366
-0.5571202600034895
-0.23267134492245756
-0.15747883060331258
0.9058205992177324
-0.08298866118778836
0.13929473285371818
-0.45344480790609754
-0.9977021750376447
-0.67991866125741
-0.3073420907813209
0.39918360317841906
0.9251773924008042
-0.22096547491556384
0.902493534307157
0.48628691685234404
0.5474806091282003
-0.5257965166043495
0.03446059388759126
0.5295812421798314
0.9430561924855643
0.20892866256553733
-0.4436573604179599
-0.981497760250337
0.2328604702213799
0.12117787554062542
-0.019882238521101714
-0.29908290781347646
-0.2932327253178735
0.6822473114769545
0.7742659853587255
-0.7415917937900598
-0.169655942241689
-0.8704234656504188
