-0.9041472749428205
0.3401574607430531
-0.10014802942093404
0.8285881791542196
0.24150428063684992
0.7799389419535003
0.022980056756336076
-0.6934380218999898
-0.09947150048831688
0.9903093713890758
-0.6938749530841894
-0.27507204149148645
0.425729155213473
0.36317710030429584
0.7016638433133677
-0.41429789223224245
-0.7486878626068445
-0.8080628380585966
0.9323156824082726
-0.24385188090583365
-0.5576041597680401
0.9914210438957249
0.032692578947330686
0.5744756347286826
0.25626483174027337
0.11439553661681501
0.1935164425188085
-0.4352598905978464
0.22543811980597206
0.0032943770145428264
-0.4984166706951534
0.3154485196180188
-0.48323679499575634
0.050632600206467426
-0.18105755681018487
0.367390809841984
-0.12261225477824378
-0.511181164276566
0.007650911229820645
-0.940267001760235
-0.6523980959322253
0.989846578088827
-0.018145819289996812
0.1994228018513733
-0.8978155935051209
0.7276107123243261
-0.3431664606103608
-0.852524863559535
-0.7239735453749474
-0.4596378398422931
-0.2349480809158293
-0.5432803189408353
-0.5635524495150512
-0.4719222331695099
0.7221212460041406
0.5491087624478148
-0.5162406425357684
-0.07071081980794514
-0.7489966323869108
-0.9133006485918016
0.19327231657938038
-0.5558200036495478
0.3106489591208732
0.6689385980967959
-0.6439179409833429
-0.6944743358087058
0.025668057770751318
-0.720102262044066
-0.4673872077201535
0.3463162698304849
-0.2234825265647562
-0.48738485040428103
0.8020346909295677
0.07266871916208073
0.3850803159983658
-0.9862749046996953
0.5723144275687959
0.3228992900878733
0.41840412459327037
-0.17993664030898282
0.5097969113810674
0.4783944763164121
0.033753630554741676
-0.7000418906921673
-0.04614153233702689
-0.6108181706451177
-0.4989735841233003
0.2654282524354252
-0.19868851042562397
-0.8131292163156258
-0.4360313184285258
-0.5124707312630958
0.7768807645719649
-0.02010388087967252
-0.8604797855068911
0.32559928929631554
-0.7497860487710131
0.060764443246741795
0.5050077281444476
0.4721771663692309
0.3165273949350309
-0.297730614807838
-0.9142040399141524
-0.0811233172900041
-0.27286984997684205
-0.12059457900797876
0.23139790473213218
-0.8354806894494702
-0.5622900339051125
0.32597798991327087
0.9559344579829554
-0.584658360861521
0.03640447185775675
0.21967130021810943
0.5192255693492211
-0.9318896830081018
-0.8796773644496527
-0.5133977663192715
-0.062314464112860346
0.12049301777529986
-0.19167861373792783
-0.7738465620923236
-0.9604153418425576
0.3190480601107184
0.009483442624424132
0.07914488864831659
0.5171316878689105
-0.16628641604903982
0.8108824706663305
-0.5028316521828073
-0.4217789749706844
-0.9613099869873605
-0.5951371135393637
0.818175561466046
-0.7364209246058735
0.5831273450067664
0.34520181557661767
0.8131757552075392
-0.7295639067842827
0.3510427279224986
0.6031615892248969
-0.058836265580938685
0.2117387990095907
0.13841131160041686
0.8885818022665015
0.9341668915596106
-0.3596887834522593
-0.08361362675865669
0.007800082933855146
0.5315624477092173
0.8802604974935659
-0.5968763062472524
0.6493323845384711
0.19258475732491132
0.7333162412164878
-0.6673028252707089
-0.08011709848621873
0.4382057851660972
-0.5343187373993448
0.2881113828606705
0.197395702256709
0.10833904188604149
0.13136409769494772
-0.7435695928517152
-0.5755004156228136
0.2675821708342394
0.250851732492819
-0.8324411965084786
0.8348391433031619
0.7524785761664887
-0.8606255778927119
0.5942260239052592
0.2864252350572667
-0.5744538828172974
0.7669025457010716
-0.48075899891498786
0.8702788753735142
0.08608309809378767
0.932408230324804
0.6170996753379074
-0.7307171611439873
0.6850311923429622
0.7478131528200809
-0.14945666749993425
0.46129656193367685
-0.9990623615108642
-0.047563519818922595
-0.651318305078121
0.7922299085402627
0.2563260573597157
-0.5833542941557854
-0.48818977679862074
0.18891192450333394
0.2885512628840481
0.34380509642856216
0.07906634210560304
0.3382324518030868
0.8364768624012373
0.14250657369022046
-0.501414358854946
-0.9718267453604557
0.26408349173829926
-0.2835416151416956
0.355833866150409
-0.4720121092483709
-0.3856222215919458
0.007297741879090491
-0.15569271077786162
-0.12107138770725179
0.27174000044928137
-0.9740158894404007
0.3038079628041954
0.2735601208538836
-0.29188703197225796
0.32132080883506653
-0.29498198431437994
-0.679159634748858
-0.2017992124834207
-0.1404577289505815
-0.374888856517158
-0.0742109898422123
0.011111489192552115
0.626796239105688
0.7376558334720915
0.7567051953981607
-0.5793569469981772
0.9167398706729277
-0.8689195751251597
-0.17046341255804465
0.9236785692981186
-0.7716403826146314
0.8734856455122815
0.6081423606094827
0.3159211560837487
-0.025484916989395145
-0.8423943052694403
0.20083312908226558
-0.05353482452636893
-0.21040134856883919
0.08823518452876655
-0.27228740866596546
-0.4425334952038549
0.12509201990850638
-0.28454622730075685
0.7399844247181488
-0.38756129204588663
0.034692146212560004
0.2704975044558273
0.6915302467726421
0.9264696424404792
-0.42393022301074557
-0.2728600293678227
0.8947042510666543
0.7339168761556443
-0.9057858539589598
-0.21003733390977763
0.13643094578602688
-0.536093227186726
0.8017076448125495
-0.7980897244767391
0.18733311045072432
0.441227927190869
0.5341659720384522
-0.13295938861886736
-0.19424247903678538
0.48997407652480174
-0.6655311408582456
0.7003961830228378
-0.4797931687439192
0.9895591523151859
0.6072976380564441
0.34543880774120317
0.46782658548786316
0.31749097276439286
0.9858861056887014
0.9405050811785962
0.8732367872377278
-0.18944365069736446
-0.23421742059991457
0.9692558372230737
-0.6288617218884922
0.38583646855047027
0.7858104226363714
-0.10389177275943573
-0.6922352482548095
-0.21476334201979896
-0.025693344072782898
0.7661547056584179
0.40039166958633454
-0.9580204438944881
-0.5708934774035022
-0.7599106189032236
-0.30924554328812515
-0.7852220911444596
0.862635319173223
0.6381770019003992
0.597368261756021
-0.30483278075123077
-0.4811430627390314
0.4833159742638671
-0.9466172318304547
-0.5342544539388099
0.2567204862180339
0.7617620547955914
-0.7892538032322882
0.5718319184177718
0.3951373954564692
-0.33890404749502934
-0.0019074369655367462
0.7663215311489664
-0.872589988432743
0.8985319349042147
-0.061092168878915665
-0.2027184659338397
0.8384261209833004
-0.08131775449500656
-0.9318296469633676
-0.8699041729783987
-0.5041778508695678
0.2184058972517653
-0.4701974679416514
0.030733921170944534
-0.5632907923719233
-0.15261249006268507
0.4939103084050236
-0.11601553379600782
0.3344477316555339
-0.26339362127040844
0.40192811097036185
-0.6197413477346281
0.9053449216440101
-0.07712784266557104
0.22942821891854237
-0.2231640796718115
-0.9969577340123779
0.9661192374566665
-0.54950747219472
-0.17581146613581922
-0.8512508066033857
-0.10283283429282841
-0.3058129103609053
0.14528827001721445
0.25837047779567235
0.8871702136096538
-0.29718094236248715
0.8655633693892941
0.35296516336969397
0.49599511845871835
-0.8667028510227066
0.11344009903591035
-0.6231338849169104
-0.16471906021654892
-0.012943044285246952
0.6461684193522761
-0.10182135810189497
-0.7270484195143903
-0.9893470650173599
-0.6971027606351428
0.4292690523876208
-0.5905337729304336
0.278260380007173
-0.7532698935925828
-0.6197573988581118
0.9721091076225736
0.34896959675879247
0.029757978141185193
-0.7536973012987331
0.00213555258315945
0.8858977416870113
-0.600168598869395
0.5302728715926457
-0.7493932109150543
-0.5692188485984431
-0.5349005955347046
-0.8855463532922243
0.05226132399229266
0.14685467469631708
0.34210951064365314
-0.6786222705069076
-0.8872123958357001
0.7744633549008599
0.7355269258720065
-0.25908338892819205
-0.37662412179525484
-0.21200772670956924
-0.9677017387642357
0.051583532559488665
-0.09255393930259048
0.7993431972474401
0.4403500347965099
0.5267667572901256
-0.5920395396818137
-0.3776764348024475
-0.5383223966132986
-0.3079805072807642
-0.76025105209288
-0.9060418876808154
0.5619464889440939
-0.31257784408549183
0.7597879760762944
-0.2571292813518342
-0.7165069375229822
-0.710576510066395
0.6493908515713858
0.7015267786774058
-0.7541225654489423
-0.7405413426281526
0.8557826596284834
0.878265578385637
-0.5120927791367831
-0.28796847592044084
0.40654832210149583
-0.6633054726578245
-0.5726840804321607
0.5328400563015725
-0.4110413564490807
0.07415541796414837
-0.6509540199026194
-0.4720859052313704
-0.7228062972641853
-0.0523842755846704
0.7803515790715161
0.9476254085021836
-0.7059999188118249
-0.6355227365954932
-0.6292978490948631
-0.6951795181497626
-0.39066783429665186
-0.4625646451412819
0.9667335972119964
-0.005783168656958715
0.907045568232419
-0.4033371903755618
-0.5427413720368133
-0.879404785144779
0.5917240215459103
-0.34076721375607777
0.6606148919118324
0.15620945701809363
0.6612390218611708
0.07483631613842978
0.0363938312007106
0.5732274806095423
-0.963345119122275
0.49848962585663115
-0.6741405372887981
-0.5650934434266919
-0.08039031015528586
-0.8149316769924031
0.3601319537879386
-0.9204025258481299
-0.4616838638974161
0.9571448436869909
-0.7775240179115617
0.49456238325299573
-0.7531561795267725
-0.3332525009711682
0.7108002962048496
0.7519813809581677
0.358358416873207
-0.34670102961900695
-0.3812603548465381
-0.03258515587403932
0.32151035279033935
0.6941331502193224
-0.2615434903246505
0.6413772521711238
-0.10981991551842718
0.2506304383760871
-0.3144347164613126
-0.0424293471552033
-0.2096968271156716
-0.5678491355015243
0.6563478048424736
-0.36328479572658434
-0.9464859104828842
-0.9684136031632766
-0.9503064353303343
0.28280580265615884
-0.33413727214264743
-0.7695061048708614
0.5209652022897042
-0.19098625703335648
-0.5291254423730134
-0.8715898701601417
-0.5177463452309399
0.4933434015677223
-0.6302611869329742
0.12009256510505284
-0.6767451639195341
0.4895446145148028
-0.222573080546411
0.3260681087807036
-0.3007362057528076
-0.7933286339370507
-0.9779421243963085
-0.22398542183149628
0.11754883557792306
-0.12893074908716207
0.9158426962638475
-0.14886096803383086
-0.24936661264982884
0.7974630732518229
0.07945669430119828
-0.3891418240816136
-0.08522111549808775
-0.5787911007852427
-0.2322972873580591
0.060727003197771134
-0.025771840973033422
-0.01833729211055335
-0.07715477209844268
-0.8372987199876036
-0.4334661947066023
0.8970111288528202
0.9730101904866588
-0.5545380079270039
-0.008438421444903144
-0.6662017299597842
-0.5034389569857449
0.44166851422007913
-0.633474733878918
0.2497748221834415
-0.7106227874369462
-0.1393506447221331
-0.27832549478236435
-0.7234152602213149
-0.3995222888407526
0.399179141022318
-0.40397759274240164
-0.7908030171587439
-0.6575540348539333
-0.6003685427084293
0.8897661512630837
0.5818793961293554
-0.0633697131110158
0.18393788201980477
-0.2601809777760833
-0.1640973524268825
0.11910823310463181
0.823423691316534
0.007137944911778771
-0.07794727459033646
-0.4880808315062748
0.3487318207588401
0.5992956848536417
-0.16857818272123581
0.05508516791155116
-0.039312612488152876
0.29901420820425617
-0.48916357555992374
-0.5015438761622528
-0.327905074896663
0.029138684437647777
0.8946746184241237
-0.9315701964501564
0.9921021328608335
0.5568003830890462
0.3727116804658339
0.15311430437134788
-0.24109626951191854
-0.4757210799400464
0.9140279996063718
0.3905150411554337
0.03320006425647826
-0.608656906925652
-0.7201003048097598
-0.10215538574406868
0.08396585529257328
-0.6163869515810438
-0.7160137377785087
-0.4539307057551738
0.929724435618092
-0.13624706224615846
-0.10398217152086131
-0.8376785353588629
0.6426643979321824
0.6770692166810575
-0.8644223875736448
0.33382288789665626
-0.32042472605734007
-0.029646124602598967
-0.8345374010204221
0.09047999690923603
-0.12727968096038067
0.7425801663991283
0.7694998827122661
0.15932670338118893
0.39540432079613197
0.9583205826552925
0.4875831705320399
-0.2874926272079199
0.01113569442067841
-0.5604740642652892
-0.9189127324447293
-0.42849319764341187
0.2219219996422921
-0.0514328451717021
-0.285292767828508
0.6838508857280827
0.5503797484421611
-0.11479100928011365
0.26616081912882716
-0.645483522577456
-0.8780214689913426
-0.15755079369539637
0.5130819618234821
0.1928048506145854
0.9578811942858687
-0.09907635973131512
-0.40317448388037525
-0.9735511775998491
0.9454824574276883
-0.011158323366549983
0.1257923838218864
0.13823927964282756
0.3228880307673474
0.8941834150401482
0.5562758320682653
-0.9035279113075152
0.6952180296005077
-0.4118444507742085
-0.9232799661280515
0.17903270370222768
0.09475845626372958
-0.5963326739102341
0.1216726907814123
-0.06804951103889723
-0.5963750309588531
0.30985514740203346
0.8546039286608351
-0.24322852351106006
0.5767448690132184
-0.9665510632688596
-0.5158456240129512
0.5871127591763978
0.534602222561293
-0.8999607405194217
0.11626661962889728
-0.3067217066655783
0.3393333477318574
-0.9969298976822472
-0.0049566559937042065
-0.5551689044264587
0.32439900033613545
0.655647832133055
0.44806787944682314
0.46453218738317337
0.21720160999025717
0.040021627535473
0.6273122367703285
-0.976927058515275
0.9756550854403176
-0.4581423523872672
-0.7753515420148345
0.7525426308272545
0.05385726115063094
0.841193873107416
-0.2586290603522836
-0.2024117445194018
0.11865294663537096
0.42922841115761257
-0.395974005614564
0.37674049556505884
0.8580195250219071
0.8298597254145668
0.4442374896724024
0.3923942440532835
0.4538443426522083
-0.5728371123078844
0.19810660980401096
0.206447741032733
-0.4641935074493062
-0.5652481566533187
-0.6688446508100971
-0.010378930557612742
-0.010285886337164207
-0.009757500772304306
-0.5423265521258218
0.15598892630242278
-0.13720941203246495
0.617797773078623
0.8987192991689799
-0.6897203037274819
-0.20995726940223647
-0.6259982312334389
0.3109157023587319
0.8640068165270922
-0.14001542817169677
-0.12292591487257964
0.41857275031842645
-0.9824842398672444
0.6446316242066228
0.11670351384714706
-0.9054403178394941
-0.8414555195284834
0.23782085487597193
-0.5484567415043451
0.5607388603666719
0.8939107856793638
0.5775519853499611
-0.476322256598148
-0.683334412726297
-0.0905433888548044
-0.9278135429362271
-0.04586486319127725
-0.44435214668750733
-0.35560606296239117
-0.39301859885357326
0.6307862653738092
-0.7098488862902648
-0.6302875188220525
0.3765760727405987
-0.8402644959401617
-0.8160768176757223
-0.3236732245266085
0.6706892121784138
0.6235758842573964
-0.8238943049091114
-0.3928472863890362
0.7344258892640378
-0.8253554265541927
-0.6170111126073519
-0.2916769700811832
0.131234076211866
-0.8113172228454566
-0.524043188130094
0.12826298009866832
0.6556903369198441
-0.2859325250285636
0.7595610129312997
0.5593665556769867
-0.22506405016334252
-0.22595010066857868
-0.48844831586951587
-0.704473326916297
-0.1782752100577487
-0.28580030078161767
0.7970849148902268
-0.030210438604049372
0.718684885698482
-0.7654791725685668
0.9322163302697453
0.6399192318067102
-0.11746361838721864
0.005469627659788756
0.04718166530290113
0.8056732514569693
0.13864937826930923
-0.16062812357206657
-0.21214527362761015
-0.32989363757166745
0.9704653124820197
0.2735009132014208
-0.9058343926510151
-0.5017652628947877
0.23494655151921418
0.11834498950176031
-0.7928496086957011
-0.72009079534587
0.5943594554419389
0.03435676682483946
-0.4183041334772022
0.06976082864844235
-0.6536634510923955
-0.47725546667196794
-0.7800667931588996
0.35559834241312327
0.07830450258279575
-0.14937053464371308
-0.9093761737143669
-0.40234724423309665
-0.3709956123678675
0.378159737998075
0.7627736041443696
0.6845793682539594
0.20897259167263038
-0.4850632064898799
0.1570997165188528
-0.531856364745982
0.2134904603615808
-0.8946241306425566
-0.5931330293955375
-0.2329671324151139
0.2556511952573981
0.4273880348758883
0.2200002784523687
-0.7287488015884893
-0.7461660850335132
-0.8139640525082901
0.8472703040545271
-0.36792925734001347
-0.972984655669789
-0.10641738919411847
-0.21325956913197341
0.688528357377785
0.7829892759099288
0.8496164418676948
0.6925541322874587
0.25997154872276584
-0.8712943598800234
-0.4302968376916221
0.6065309757583033
-0.7748257432763808
0.7885811487598484
0.9582788313676158
-0.4060679025906211
0.7120578201919849
0.08577421697707521
0.7812659801883259
0.14014525333867267
0.13806822568123756
-0.5769424944042192
-0.9338409260841642
-0.7470698052187199
-0.43022287947231996
0.49406160164468327
-0.05790895952331665
-0.8847429620862077
-0.5887114230137569
0.762305245381959
0.12965918361567685
-0.6533411739583641
0.7845498681680672
-0.13543365122867623
-0.19994570292959035
-0.5435876688238761
-0.8693198570865717
0.026790151306231413
0.8453009484392178
-0.09025012052096226
-0.460053746679443
-0.6751291401107562
0.7361849207580073
0.3786971805243704
-0.8909688615197169
0.6792836427557349
-0.9082931642462715
0.21202120748611475
-0.7722453725546732
0.841684922987497
0.8436694063957118
0.9341645515093675
-0.8865761168508535
0.31323902507405177
0.45226843165204444
-0.3290686746885936
-0.8604956790353953
-0.8714297840084433
0.013325729147544152
-0.19991760310402285
0.5463199859029788
0.7458797390789151
0.29506652259738186
0.837886477323025
0.9750046004838608
0.9029077732143311
-0.24789051354451308
-0.4019345104873766
0.9319440630897091
0.23006167273526934
0.3866041935300153
0.9974628204949751
0.7694631233894114
0.6561711663520939
0.9612148639262912
-0.46684646609395397
-0.9404725865259997
0.1989730055382184
-0.48408370901289954
-0.5813937263386832
-0.6592542051762742
0.601567980235481
0.4003328833418154
0.6418980792694315
-0.8650253678933864
-0.5422672013655143
0.10561699791209289
-0.2031279181055372
0.8583407441530131
0.963111783566106
-0.9353706611542705
0.43852085296962406
0.792515645432667
-0.7640480944549541
-0.713551354812374
-0.073232714697268
-0.36441097371704734
-0.7298126910406018
0.20100483481000442
0.24820572421718845
0.31790556810367643
-0.9846817639185841
-0.5881061209026681
-0.8567420819139726
-0.25325581620814197
-0.17832858494676018
-0.8098001768276655
-0.9834131573007734
0.93473487881584
-0.45373122887346407
-0.5105861521855324
0.5715041122435984
0.5704236775684941
0.983671963857724
0.021306532207276296
-0.11550401871741856
0.5054123901452594
-0.03218873015644652
-0.4951251609527805
-0.2761153811516226
-0.13898575258197332
0.4849476778439288
-0.4147490621580112
0.317030659031853
-0.5016161177684162
0.4445576348497742
0.11672589782809495
-0.5166252293519666
0.44959398680590934
-0.6259291433727114
-0.48619334542180415
-0.9239935240187853
0.5731480855192361
0.23503177261095876
0.6964900204900459
0.012338489936396968
-0.8240667024886841
-0.1976039971577057
-0.2092960581652541
-0.17514439156651962
-0.3653665960516612
-0.3946855936684506
-0.8078689187122916
0.6257987081821155
-0.8468622085180189
0.2968964605815265
0.861395479254963
-0.3449662213616742
0.7084973767288911
0.5020873358693037
-0.20914048015992726
-0.8317527963104621
0.9664949629353563
0.6869317434667195
-0.531957729294056
-0.6770008771619318
-0.5110884898689076
-0.6008605023582183
0.8579387521378758
0.9330573148078565
0.9080877725037464
-0.6509919419437882
-0.06371850557323344
0.48682430295743484
0.9103938499543913
0.2313974829659433
0.12805537799551003
-0.3364384368563702
0.8487369515671714
-0.06640543445396507
-0.8596607730809109
-0.2684948779870533
0.5952519708116408
-0.16945693848660182
0.6258149837779725
-0.3251431156665081
0.8488353026820732
-0.7619423956530713
-0.12694959061993005
-0.32797201310384905
0.5281989764083566
0.7762799063865635
-0.7080733420138718
0.6353997243495881
0.10963584895309242
0.3897757294189219
-0.15265165647884404
-0.07674134095753771
-0.1902953941918284
-0.9226874705657284
0.7916384506644869
-0.9525459881810692
0.36655664632003915
0.003497925056217932
0.05578678592724673
-0.7742854676682842
-0.16035561740880655
0.5960994295969881
-0.5180137465351615
0.9654538321955386
0.3260648119618592
0.4770074446726704
0.7146562572475266
0.5162835194821294
-0.21719114280712914
0.6314430307665055
-0.9855812365363852
0.991343739760747
0.24770182283049835
-0.91084635081825
-0.48074187288920656
-0.7670482882220362
0.6678360730451729
-0.42702050026495675
-0.45063918614876486
-0.9140406173432574
0.2728134272780096
0.06431496807354309
-0.5631020430538776
-0.3573979857759264
0.9711290534879493
0.04162984352688048
-0.9407223399145086
-0.7644899492746389
0.6015456426445187
0.26735444581184886
-0.2358385917180421
0.4809468895431146
-0.9626787238405008
-0.5699239825626115
-0.3031970334367706
0.5122269389442933
0.11967031588084498
