0.2711597366186249
0.944634764048635
0.4168663772108079
-0.4141916862846411
-0.32273613943238466
0.692420243356396
0.44937811780833004
-0.5240281119172923
0.8139143514143501
0.2791546046205897
0.5493238611771605
-0.11210218783316961
-0.716182035068327
0.6599719986544987
-0.547808394503158
-0.340053543849268
0.8764279440727802
-0.6439056998798314
-0.3770773266814995
0.6982108987471773
0.6817551117714002
0.1363479100017877
0.8729359235359204
0.7204888759617476
0.15043934832871164
-0.5172142142181515
-0.38222133134499225
0.27096246079250763
-0.40913467878933685
0.7789522581491002
0.9781021695504044
-0.804899319159075
0.15855911028042158
-0.5730934112379635
0.02236262192300087
-0.18687412258657932
-0.479944431419133
0.42919906514944506
0.10785220630128789
-0.8582843426713147
-0.9371198242154144
0.36457125269222623
0.49736594722139005
0.6874379392673327
-0.2247596489233703
0.14123117090272097
0.21201629755812657
-0.42825379196318414
0.7334767576788077
-0.5708691231934029
0.42640762321257486
-0.9538101786794098
0.5122763501853045
0.2527533779396769
-0.37941257690609986
-0.1821779687104068
-0.22789711868924978
-0.13150686667828215
0.17389442771645136
0.02861679451564214
0.7802536606701014
-0.244207506215937
0.11902534894176164
-0.7809662077106945
0.6864041408613493
0.3187753130105264
-0.6296530195830463
0.15469871405802293
4.5573651159891426E-4
-0.2748036969802097
-0.1013173873683133
0.006494080565964788
-0.090045760553086
0.20210292656101658
0.04550398064186023
-0.9518153890116474
-0.1736991922905382
0.06268499875662381
0.45266545484296516
0.7720282837471226
-0.13657064625072723
0.7563660093304545
0.929517392255029
0.1216530820274
-0.1704224707032378
-0.6857340715705074
-0.012558664350088122
0.4028077469133844
0.752232864734242
-0.29525349354825914
-0.25744914168633914
0.35642152123734605
0.9582865286839546
-0.1811741458228029
0.4205063499187984
0.8647381903022417
0.2958825266321057
0.07282812594352217
0.7930941124309219
-0.18988382839063744
-0.7885984485419433
0.9457122532878504
-0.4655755070422334
-0.2825851245426918
0.08447301807173102
0.16110193247254023
-0.2946945838232209
-0.015283706559618304
0.4758614396204115
-0.3208837950720629
0.3575518674603131
-0.2565417772575236
-0.2424739481498619
0.18067994858833103
-0.4043048976182322
0.6878840252778171
-0.028893402314900563
0.30706962543871197
0.34175735071042457
-0.4249583763621758
0.7005407339094063
-0.4399707238804589
-0.480537701619973
-0.47960684021069055
0.24647146374344042
-0.5271305568796971
-0.5925464865554673
-0.2995760562572716
-0.5454432496659072
-0.5694608613375736
0.5067974769226473
0.6224687530629613
0.1767461491783311
-0.6532592553696612
0.42624914542559567
0.7332997563040364
-0.4659575380065688
-0.7012665080387497
-0.9905366590686571
-0.18814916560137918
-0.09878044610459646
0.17555191605114695
0.21153638936292984
-0.6722208981598148
0.8484210071821288
-0.5870584117900166
0.07796658551536306
-0.25360629703799775
-0.8484836690067914
-0.031606084939534984
-0.4126747461565867
-0.37819008201276305
0.4225463279712618
0.8322392155808314
-0.9103672098980853
-0.7559856981203783
0.913540231256823
-0.4241637646762837
-0.39436264048172753
0.5918553076667565
0.6114421759195976
-0.29452725431075133
-0.652102583763315
-0.6071985309292778
0.8688366037284414
-0.07932760010262907
-0.5172281170738295
0.20163788073066846
-0.4953841212536052
0.7681786953998073
-0.6268750596126818
-0.41590111515809003
-0.4393139089989708
0.637966844406862
0.3247561333420921
-0.2722355154275766
0.7152604153543312
-0.4347885129744591
0.20526872477740965
-0.8986257543024239
0.7302426084129834
-0.11778354107774214
-0.7877069137171857
0.14504285850504428
0.24965608906528902
-0.5931084380178331
-0.4613154950499492
0.3976869032465411
-0.2319726671345057
-0.4405615444199369
0.7155185623781992
0.954303512494215
0.6520852719518417
-0.43351348295134895
0.009409366931597551
0.6945668105823779
0.7260919841556466
0.7419978159731844
-0.591119609859744
0.3355387375760128
-0.8794277895182505
-0.2731622687801025
-0.5447806837878886
-0.9648830892902769
0.8361634672736642
0.523986477095759
-0.5435475649456936
0.00917164621609845
0.7887605457944389
0.18394510759954663
-0.5312225544764071
0.42415185409751865
-0.020917661006529364
0.07496657109172378
-0.16200486683037352
0.6882675522713122
0.8692409709604525
-0.18467779539643137
-0.9358143900826328
-0.811814775365026
-0.9491522218474242
0.14989051834375244
0.2860761119684687
0.5045001566768186
-0.14635824695135247
0.3209344852307634
0.777251750232187
0.1880779375537749
-0.32941831313676384
0.8130106616804726
-0.49543723979173926
-0.709314570334965
0.46479416982309796
-0.2554671158349502
-0.9802142414467461
-0.9828397580879329
0.17572396130097023
0.6335900044422085
-0.2612008476758487
0.10269477647097314
-0.4437139789718427
0.7831957343900358
-0.9917641669613706
0.8176399166979373
-0.6502282171702101
-0.8887720528227834
0.2677802172668151
-0.1364387435012573
0.6547148915546039
-0.107109328064529
-0.9130214713623828
-0.15189101116020742
-0.17212448054680607
0.5886123025866015
0.888635691473147
-0.4874097210089292
-0.6600454202349306
-0.3021298882209644
-0.2334255936258922
0.43496178569877264
-0.3743966120042874
0.4095106341236878
0.9637355388506923
0.5422876660080764
0.15874626396353864
-0.28828810137809624
-0.7026980934258198
0.44053633740621745
0.7361876309168185
0.5798135836740266
0.10073055466518266
-0.694082078632531
0.2669277159789989
0.877817905997673
0.09828234708875105
0.8807921949410629
0.24156455187708925
0.6894422055416916
-0.964160208491458
0.9785045383699607
-0.5043874628206255
-0.06281648636355897
0.8625081205476028
-0.17466336539330118
-0.11747867212878882
0.3529320466738477
-0.2093025635480421
-0.44591474053212643
-0.9633678254571361
0.13124967856118142
-0.3419135894497083
-0.7873877597036336
0.5332611522861654
-0.07349313048224038
0.6730719547531263
0.7620350296715603
-0.557447054577445
-0.7523492466443891
-0.15398826237335017
-0.28694218069454336
0.525700535670018
0.7594535504481634
0.19176978649555054
-0.7147317097470829
-0.8634188882465055
0.5166702290167009
-0.8652210752845166
-0.7269441036004662
-0.7311901433663393
0.7376116611067822
0.4560359197906845
0.1631342039067991
-0.8723322892025489
0.3662171236973528
0.5921495992790824
-0.5275217498418738
0.10831109397904926
-0.6232102128674553
-0.8702357025269409
0.7618162940168425
0.1261265259012525
-0.4568649691603881
0.9343844923544
0.3286431088321353
0.8720438175751262
-0.7760791749744089
-0.4891699022028868
0.19504995507605094
0.755076829858131
0.6086570993469071
-0.0867461679053454
0.6794956336476805
-0.953687122663343
0.8237692503967802
0.8058566523507755
-0.42203078739947664
0.05302423964447156
-0.6841812046170821
-0.8788610287292855
-0.22117512533944717
-0.9714695079462659
-0.9909972377414489
-0.8292704367648387
0.9968966217203585
-0.03710866997743634
-0.12335886269973284
-0.9654630944639049
0.236328871797586
-0.5985361322528064
0.7714402088240913
0.5871700823708514
-0.422112719545245
0.0028113298805845233
0.6268970728505081
-0.38371907376694514
0.9353414587181395
0.6744026417219473
-0.5277104743259944
-0.8543191932815595
-0.46315907863884864
0.8139967723178352
-0.9037267121527457
0.29678946687496777
-0.9389678409900577
0.4365571478830257
0.649186563577322
0.8051760055935593
-0.4060065997078641
-0.21900397998489574
-0.008259988874212976
-0.345344313272111
0.8718926578466892
-0.6319989902752134
-0.8221511204472698
-0.8003913347114195
-0.36439930341622384
0.41964964120631
0.10194135829073492
-0.3831094192166151
-0.6526784484539812
0.05347002513356647
0.04615594960217684
0.5619075655590153
-0.9943720197945201
-0.27193992066806283
0.630418674787028
-0.5008682129834827
-0.6558793653621497
-0.9556699701496354
-0.5015313302913393
-0.6644639291445429
-0.689744316996695
0.19588592113816272
-0.034520594115439396
-0.2938694327033333
-0.6052856774264226
-0.8859739237371382
-0.19199936828953246
0.5439856081323675
-0.8819839912646632
-0.33272595761058166
0.39452396901292963
-0.5871699581840835
-0.22009442600577245
-0.8476741323068901
-0.5649462126760463
-0.5114837855308549
0.43837123788576804
0.752742262161628
0.7706429921239042
-0.9536538449751144
-0.9910195975735974
-0.3563307068881294
0.8289306143980841
-0.1555432461942623
-0.6384528423518328
-0.014675749935735949
-0.36070214454600635
0.8891650042836923
-0.660026657053693
0.17493707695174598
0.6313357115972207
-0.27362297788453693
-0.2575658199413704
-0.5837101611008966
-0.16710347216425925
-0.3761318268692875
0.4729067236399065
-0.08204905970695386
-0.46092069187560347
-0.20755543616527694
-0.6886322349642395
-0.15424690194856283
0.04107738161036356
-0.860300999977762
-0.9511839671062889
0.5320175877399582
-0.4161055029055174
-0.04172153642424581
0.09460165008133625
-0.616519618651542
-0.6354863223550493
0.4212820353933058
0.0873738002105533
-0.5681710092332328
-0.9128180840341393
-0.20938722797067033
-0.4727142134793396
-0.46478868437181187
-0.6399490872314841
-0.1601914268106761
0.9959248329278223
-0.13396783897979514
0.047493071692399136
0.15108202379864988
-0.8582381865157971
-0.4901951307521317
0.5849897062289524
-0.33299974360097906
-0.7172551161941882
0.7517796773636221
-0.7814339808968123
0.16044119314695138
0.21398810361999132
-0.05747702496315199
-0.8516730907764873
-0.8678364317674614
-0.3926645422468049
-0.2894252587056576
0.6357245156660196
0.05353294773142436
0.25090758426737403
-0.27023518450162354
-0.7232332352613309
0.8426478194228084
0.30056756281418484
-0.749277871171975
-0.15154511731728348
0.9953141737769386
0.7015701147618796
0.17056300796895707
0.40331550210655354
-0.11198140607216223
-0.012513944298056634
0.5416987389755892
0.6169712043339712
-0.5717451735227361
0.7748225490959912
-0.8898441146755718
-0.2137287021780392
-0.5517400659356977
-0.5544119126426219
-0.2742450868085722
-0.6694169202793621
0.021421272792377266
0.7463782795067204
0.28094685662169705
0.166422107858607
-0.7736829961673455
0.33138752233530644
0.2120602706219512
0.9056769914528178
-0.20844331130877158
0.6380795839298887
-0.4638358359032235
0.47026427160409834
-0.47470774185559783
0.9080778987239684
0.8987055166552502
0.42112489498606887
0.4664709611306159
0.6521646772001399
0.17153328750675212
0.06705390091398833
0.2906074080547312
-0.5928933780362615
0.7678736268742088
-0.7510683265986347
0.6610527611276729
0.2433519693727184
0.030274731091045837
-0.4124961797060729
0.9374436583681618
0.156472854962886
0.799492147035922
0.937934778706077
-0.06378383628918916
-0.7884454811691961
-0.41326086878478363
-0.188061406749082
-0.7162272091575215
0.10856124653327082
0.6486794598367847
0.6083677788584021
-0.6889056530038309
0.6980366620138012
0.703992971315627
0.6357201177006275
0.4092914948528139
-0.09967524969463404
0.03229790647551667
0.11510084847045521
-0.7012071495174554
0.4678256435175965
0.26066667829544876
0.6197559529427343
0.7605718018631882
0.07862821420950028
-0.7300748018368235
-0.26262964547387546
-0.9639852092985977
-0.638809458673433
-0.6576218067247677
0.13390332302725505
-0.6772606747871881
-0.3764342606370301
-0.07544217484370042
-0.34718958884387585
0.5768708868439714
0.2970010874109372
-0.8069561942503194
-0.3989186982494559
0.1779929215236733
0.40256403979287536
0.9883581517819462
0.9535985995098373
0.9211862921706664
-0.2892210980333145
-0.37861019401015117
0.8499032449353963
-0.7287228376876684
-0.3119152726714709
0.5587579960599673
0.4625282946327065
0.8476172477376245
-0.189746303171888
0.057976193399443376
0.08364225835600614
0.7034209787926975
-0.6282625300287739
-0.5497687980448596
0.10682055534798374
0.12188965855371969
0.5312365639989183
-0.041953900027426716
-0.5266576518924926
0.3720543303887214
-0.9923832456398727
-0.3129523994668766
0.10748752731327627
-0.8495277936285113
0.576623515779519
-0.2544874907116701
0.8828873414262624
-0.7193839933759714
0.31767505000823726
-0.6776792362552408
-0.25793990826671176
-0.350003409036342
-0.5786588310809819
-0.006604621153408985
-0.2661594027103411
-0.6642354827844519
-0.7080555944273521
-0.4713371439164904
-0.06150747053694561
-0.5972625902194277
0.6660473965428626
-0.9639784342557152
-0.48213256911118685
0.9535048671137947
0.5164191109202576
0.4057573636139753
0.4580561432215242
0.6684640443227969
-0.37760054876778404
-0.2917003646836096
-0.035446803202874966
0.2943437524621335
0.8614122152123609
0.45016424241266684
0.9250348907718582
0.3229769588160689
0.5127016230468409
0.40738256368851866
0.3724294466664071
0.44778527386310985
0.16319801322867056
-0.8673313913543106
-0.5389649835082266
0.29364147987743916
-0.833254304173243
0.17203069698741102
0.1110205251282479
-0.6135195371166018
-0.968246784351634
0.5284856496793515
-0.8182783403155016
-0.6377693270017555
-0.40134380894134347
-0.025012722198370918
0.8017229750288433
0.010342166842486566
0.4174092284331139
0.44563497951209685
-0.686205409033555
-0.09460942175215559
-0.6534472165261671
0.9236791549585062
-0.8146691243658184
0.10093845370619814
0.06922812291920377
-0.003203940058680965
0.19001586136706194
-0.3569600276332785
0.9578426674251468
0.5645552405293781
0.18401887398620675
0.5064768420893899
-0.48208538254438404
-0.9400422829616357
-0.11989852922650379
0.9650171894959898
-0.49704439906350406
0.9863752258210363
0.1655956009131656
0.37769187743899857
-0.28392309448509656
-0.4268259253001405
0.7152899446636536
0.9062863614269996
0.500333467699156
0.9177608967479995
0.9178406474850851
0.7749484041052539
-0.03135163200835267
-0.8912605568896508
0.4644002386846682
-0.6589838986435967
-0.8645126329694814
0.5143226646516792
-0.6592635327857683
0.46687324808733055
-0.7137169506811547
-0.32790535220284633
-0.58080872112491
-0.5341577679288478
0.15693450420327282
0.03067375726916044
0.3644084840996322
0.24082776446938214
-0.2054626029470088
-0.8292227373933765
-0.8531642789994309
-0.8573718959105705
0.3318278166547508
0.07264484983044839
-0.8994140509927588
0.5455335321995549
0.33165029519202194
-0.5012716038045206
-0.8326793906696233
0.17103417918779318
-0.15591018127706535
-0.37498914916999815
0.7353954088745183
-0.21383588783607488
0.8677344422198479
-0.31873169834868587
0.31358726500480416
-0.9387903053163615
-0.48213549061031746
0.5500435910268837
-0.8287001174260304
-0.9077850425071412
0.878191506472995
-0.97394661566986
0.032222681989423574
-0.6230809475212693
-0.7509012488281321
-0.2477984509259381
-0.07400384073262489
-0.12153592087264786
-0.6958368587523958
-0.27467239231804186
-0.6174843302629138
0.21941507768066337
-0.4719337655159175
0.7042702282207391
-0.7039176256878932
-0.9806637142602477
0.2328306945736618
0.8547795161465643
-0.008310649998611863
-0.07762789626762179
0.4356460465612153
0.5302649880405017
0.2933086510802845
0.9569830198911307
0.9303761878130272
0.21431905208230084
-0.27587709580422626
0.5281908947561491
0.9961690337703588
-0.6595907249230923
0.3612234852928171
0.5633905648162201
-0.6395831533348295
0.956085281501841
0.32237547514302656
-0.8840118614752457
0.26964378268525957
-0.9864998095302395
0.3800276618512799
-0.9231708347411638
0.8207256842313762
0.44499820719991745
0.7778237636036522
0.5515833403300978
0.06617488721212528
-0.8780252592149647
0.9674492897405031
-0.06704465498962975
-0.1689491481449965
-0.7028328599472533
0.688727013189447
0.7297947037725958
-0.33461361487755403
0.19498833758267797
0.5834512830488281
-0.18911990131527445
-0.09515396612886029
-0.9585321615014135
0.3635305813240457
-0.12064226228757713
-0.5763375200613166
-0.9851812719675297
0.44658465016148763
0.714515434097384
0.33772449767510904
-0.6503987404917937
0.9272219239671962
7.779220861900971E-4
0.6520178801855152
-0.8580922583239545
-0.23020020165742072
-0.5904883403400958
-0.35455067143708585
0.2799461161535459
0.18855011725874848
-0.9925692901058425
-0.352589010460419
0.363852739244225
-0.6764719018260037
-0.9639018237203911
-0.21572782236899002
-0.5194820788294283
0.5259230865258111
0.6402210772300578
0.2603116093381652
-0.7363386741805065
-0.16615311635773833
0.2181396764374386
-0.21356666468944963
0.7963470245489881
-0.4502069451385462
-0.27388512952148414
-0.11866392594462538
-0.39741889005534126
0.2235394915917024
-0.5112787897116935
-0.056364913705525765
-0.773411809565635
0.7993443966195737
0.8508553099415523
0.22976253918869194
-0.2871833446428056
-0.7961363495546423
-0.6474263510720966
0.17130179918250832
-0.3233262703629831
0.23129582364461343
-0.9838241887656145
0.8267382543796977
0.5954475080140436
0.22484013483644283
0.8056527215482212
0.6864378572362613
-0.5491765070075814
0.7586287202961199
-0.6481769053403679
-0.46400793724751876
0.918858089080713
0.2918747427320234
-0.36781641124057796
-0.3681025352852285
0.9302237269663298
-0.4029446716749834
-0.5472981815940727
-0.9451358767936937
-0.38700652934011526
-0.3434745926164071
0.2994841735038043
0.7798776288977849
-0.6178129016283875
-0.32296141723958693
0.41145409483245143
0.7384653664891567
-0.7452478919445591
-0.11077245461030838
-0.22912119049186086
0.947447413493965
-0.6543927842067365
0.8791757948465462
-0.8832140249484235
-0.3602202602288309
-0.060170439751714655
0.34178985553661323
0.05701559261290279
-0.7430741784762447
-0.4619812226030924
-0.6492403329801091
0.887853560716543
-0.851479039216966
-0.16367562331201224
-0.492526851838307
0.8258993972560298
0.8739209712404257
0.7295775816881105
-0.33867180478389414
0.015020902732182817
0.11155682133721556
-0.8845807566965171
0.28646467302496625
-0.10804675690486198
0.35584243144070227
-0.4707287224219887
-0.9449836674507615
0.27730307595250014
-0.18228671716229017
0.4544500112494796
0.6645604211255625
-0.09557956401815404
0.24370019929237552
-0.4713255504272922
-0.442477793550762
0.006805650809971642
0.7297711204741282
-0.1923252076790174
-0.18713205704557168
0.05542006396400456
-0.9699977682662266
-0.25144008718030664
0.1954997649223995
0.7704741446554715
-0.6535327157999762
-0.35994424054625407
0.1163422927301978
0.12796831723294977
-0.8644372828285334
0.8336792028811648
0.08619086753820349
-0.7605344470778077
0.07731362888311444
-0.6806338210302376
0.1389672387784482
0.7042781977904347
0.028034443943732335
-0.05897570111971984
-0.34489102007075845
0.3164540080728666
-0.486954266929712
-0.13806488072948353
0.03339469232786918
-0.14535019536971383
0.1149770797471108
-0.23311677783652618
-0.2604126765050856
0.09118420126326354
0.9745139074120783
0.7273422881312992
-0.5971454604129329
-0.8727356586452708
-0.45572589245402684
-0.3419974822996139
0.8360037136014007
-0.3054161452779598
-0.277170902711666
0.8573756966190498
0.1231476654627579
0.1591935104797868
0.5447109027146901
-0.7478318274202511
-0.75150549416509
-0.37825176097000446
-0.28642369777958443
0.6545644974788976
-0.8674659591413136
-0.2710624245398563
0.439526324403287
-0.4064817976597983
-0.6030295650563202
0.594109885943954
-0.722092304929006
0.09559923407586979
0.6973294516775688
-0.42919602179469707
0.965750916823785
-0.8321006613371094
0.042246870333860986
-0.4688956399177253
-0.3866716532611445
0.6749528461147398
0.1610221305177857
-0.22856046020231657
0.03214291625638244
0.8035796931591535
0.6861003637839156
-0.2983533144701478
0.466986605239333
-0.6259861513393856
-0.31527717551635903
-0.9311718529143536
0.5485362472574393
-0.11736896222579563
0.9040651308297631
0.6257289181505699
-0.10571803962804194
-0.6489550736248917
0.9867600518392323
-0.12593285342280147
-0.540588460044354
0.8082918463832192
-0.13121962709017754
-0.20354700227092004
-0.5243971250003621
0.547279238659214
0.5892337680003621
0.3362342141969028
0.6145036515637665
-0.8263752171957803
-0.17829703910930705
0.7928101306890911
0.8740068031933337
-0.09553314194615181
-0.42066102992288035
0.2706579074305895
-0.39074254585076673
-0.4232196688528751
-0.24900404507105112
0.853520166957781
0.11665530840022331
-0.6108160792887523
0.393272952199881
0.2709034747053005
-0.7720547325171443
-0.47182032742192637
0.033406780935216984
-0.5177572865381641
0.4828163677788748
0.5192170453986464
-0.3694624826760604
-0.17521232012797738
0.6222574754915005
0.3949285789242012
-0.7020528073751011
0.15447304549338448
-0.6187532390417503
0.5873353465276636
0.4064495448211276
0.7547339633189043
-0.14182060779037586
0.8277757103200316
-0.7308126059909239
-0.3035650392373228
-0.9002334153394194
0.2777624933627103
0.2506719795128647
0.8027809376232888
-0.03603308586668752
0.6159269830125409
-0.15202308675404375
0.40628329464907154
-0.19016101483996217
