0.6932678279986015
0.9639523136801254
-0.9850426967658319
0.5998991421413851
-0.2624605174714352
0.7609076188487669
0.8977127411511354
-0.9141707443222009
-0.8408105752052379
-0.6864642631426636
0.9708502039947446
-0.19180206385266252
0.9466469008738174
-0.27040387311399106
-0.5580960208547407
0.2955449378908026
0.8022054358494879
0.17031512296441198
0.5820429275053722
-0.04467409957172652
0.5009303401546246
0.7145642980561664
-0.863919293778556
-0.8733783357097376
0.735576301259883
-0.5613832828415624
0.24806751153500972
-0.8434385656180698
0.159489259811042
0.12511657069813364
-0.7595858112283957
0.1416343491585419
-0.6429534380046202
-0.1393993716008879
0.3833293216785296
-0.1479830311633381
-0.44873403394747813
-0.8108872565686838
-0.34732354291702183
-0.2035029339384482
-0.9992061618664956
0.46015631011445013
-0.6018119175646677
0.3875274839432916
-0.7564406659504621
-0.4575678014153497
0.8303001676254118
0.7303970933135273
0.611960876733773
0.17051349181681585
-0.717300146988497
-0.3125416818142841
-0.22547176856902595
0.8498101751816329
-0.6809938567560252
-0.44219536969456597
-0.5484171308853962
-0.534118067893353
-0.07416702351251803
-0.03525569284365049
-0.09250403259105933
0.5273585268708616
0.27081053583940795
-0.6421305328908395
-0.6602770996001972
0.31743152320782597
-0.19703003443979972
0.9134728644371883
-0.135130158883074
0.1370837056653822
0.834224547046122
0.5565184304176207
-0.5553719857784281
-0.7060740762430369
-0.8354920488296915
-0.6706765246337494
-0.20051313983679764
-0.47628584643939775
0.7994589942169523
0.3965652905642747
0.12571814449898633
-0.8726778410386238
0.3583703873803419
0.60317623093134
0.26119885361921136
0.26414985779523215
-0.6185538047116048
-0.30885410530024804
0.8382205014870208
0.5636481876563026
0.41924241529703443
-0.9667984105511778
-0.08349050414251802
0.49984659455171654
-0.4765082868447317
0.055790941025976704
-0.3927378442466103
0.8194715459283783
-0.44265776332307927
0.4007445446123279
0.27907543727867945
-0.27755311329627963
-0.3956312837494149
-0.6855508855379979
0.07923300494692875
-0.5357286202396925
-0.32045872746253967
0.7553146276098506
-0.2911157777448816
0.5829708709593862
0.9316669148142986
-0.725227344084757
0.6582317627066523
-0.9509740220140446
-0.4243547959069087
-0.14600467577449683
-0.5620784669429593
-0.705120825486266
-0.09579094693587686
0.5679784580613434
0.7354074376972812
0.30132887797000896
-0.09735101573717153
0.20058479656040307
0.8801400675599651
0.70132014719273
0.2263473488857637
-0.2514034637110507
-0.4809911025831102
0.2073458192142137
-0.4002223064486048
-0.8702196869027901
-0.01645721678549905
0.5768745177778734
-0.9430480477150751
0.3494188932068214
-0.5270451493479862
-0.199075142654894
-0.13287374595530044
-0.11828030764689834
0.8821928895827411
0.2341092095462216
-0.5240950681944732
0.08696096809626286
0.8717369773363217
0.9801722564119606
0.34070997962977123
0.11219104625862641
-0.39403702080407776
-0.9947463033609152
0.15091089158101534
0.9127484363865539
0.47946831617077224
0.17180705309515765
0.5967391400927435
0.7838244116292734
-0.8941638888288665
0.6693103829745701
-0.41256183964312965
-0.8942584643647871
-0.13911010791889877
-0.8363939684148218
0.6179293830945467
0.883577077407844
-0.6474290159779699
0.39491257903230537
0.8446017594593296
-0.8987903020080679
-0.6678522614259572
-0.07474783335479374
0.3546608489511873
-0.08817444470546199
0.7665439972001697
-0.7307582480593864
-0.900198192073633
-0.7486313790754731
0.059153073550710866
0.737899063379089
-0.9862015370317863
0.5883763441695393
-0.2634196174945951
-0.016683135764750556
0.944928825095686
0.21309313733103208
-0.6886623802742249
-0.5472366067648107
-0.7920142216797559
0.7207082720122433
-0.514412660987589
-0.2560316739138411
0.7969492759413763
-0.8419829219568717
0.3786174987631068
0.19905846571549102
-0.4017748626527804
-0.3202415385862134
0.04080124834364751
0.9828090932393052
0.30568328138999856
-0.49966628863754803
-0.8406229206710776
0.36158086081468355
0.16255618153155305
-0.5714345674560868
-0.4335383195815863
0.932515122545643
-0.8584127422375452
0.3376088914081259
-0.0727138663327036
-0.8517369618588293
0.7236457909522185
0.5490801528724638
-0.18327530135802284
-0.359271761135076
0.046354197333952074
0.2999192035160383
-0.7152374975370708
-0.43199569031927343
-0.13189862082817427
0.2124595160819982
0.966627980949333
0.4918931930827384
-0.47085676342867155
-0.9973719419679232
-0.1891074055840698
0.13909230239319803
-0.1096794203507594
-0.4618468064177146
-0.4210800770591283
-0.19265793066339443
0.09125228202249458
-0.20188841139383218
-0.5883773793519316
-0.8514716444145749
-0.1063105864534315
0.28709695525518675
-0.03543406012091466
0.5939380447069398
0.3620450274928755
0.0217479172769377
0.880032607243193
0.782567921268331
-0.31805854651758025
-0.66567473451419
-0.3052564175593744
0.011591465753603147
0.028945640745280832
-0.5725192367146652
0.6745061009424371
0.9487902022028978
-0.42650889871960196
-0.13368513469952936
0.5221397276963313
0.629960349462003
0.9443132133173171
0.008271419843026706
0.42260783481432185
-0.8899922468837287
-0.22844759352003896
0.7483727874172712
0.4693618327425635
0.04464784084577067
0.2920084917335435
0.8967505675322327
-0.8415183122249075
0.9503299966706487
-0.5771430838123737
0.007380380919382867
-0.6577239494795288
-0.07679053507312217
0.19646589267732062
0.541383039591969
0.801582143552555
-0.80630768156065
-0.0022174954236875433
0.8752065986417419
0.4260846869848469
0.051282481822809256
0.6570822028124623
0.8534575889126561
-0.11544932600208813
0.3951634854786641
0.12470588284924622
-0.6618974736873966
-0.3780449608000287
-0.5508506070998962
-0.8092640060002376
0.5202142802557463
-0.9619494347367459
0.02534390211606552
-0.4886087404831343
0.6373900042093088
-0.21798687829577124
-0.8709510054913474
-0.9347513073374871
-0.8205776229158139
0.24037213328984786
0.6681673134329387
0.08622750907644372
0.6667565140848029
0.5005134415523849
-0.436453166459035
0.5066009913193725
0.6507206461657951
0.3396206997354576
0.6524180081264068
0.992126602064926
0.7114693162347137
0.11899861249936783
0.4352776119646109
-0.23728349038581653
-0.08096694635649593
-0.14369948841776936
0.9372767421760158
0.5658956992781881
0.47482054752552916
-0.7967397481434897
0.7383724227521662
-0.5933747545283174
-0.93462803055037
0.5741063348034472
0.5722072710870929
0.9358951713888892
0.8371168762012946
-0.7500852432310043
-0.1981173658000268
-0.23818048652975188
-0.15965836975928593
-0.07326437779140083
-0.448504018020365
-0.6292045019009089
0.2925251113649794
0.8804050309164348
0.30551394580997715
-0.1673851932474999
-0.9243454709269383
0.6885339246182614
0.38375801831182454
-0.9877547366436665
-0.4909131883910274
0.2802421607166734
0.8579817919760135
0.622327817628896
-0.37102745677764193
0.9767853279011229
0.19672088348974826
0.12426244081011717
0.957214765905815
-0.8587014558315731
0.2083021381894541
0.22208463434043013
0.057386198524394194
0.07346149399547874
-0.3024005325046164
-0.5078376665731037
-0.9480171733882978
-0.1350347951858566
-0.33967149672112296
0.5530711554204826
0.7148439263437638
0.0742406265115525
-0.19062584666332416
0.10383383989988837
0.7545226382461165
0.28398612016203617
0.7608492076951854
0.14503836659289115
0.4688438621813755
-0.12739007586421258
-0.6967151701353138
-0.25382316937348026
-0.9221609749778092
0.6607814774848226
-0.1684435288816173
-0.1661248376037705
0.7317013086263411
0.4868632447648287
-0.7521468318837903
-0.3504867255347117
0.44235705925051483
0.22007317807243054
-0.5848002350268184
0.7610607763260766
0.0017032344713550085
-0.7621931865665614
0.5947457046047766
0.8127845265158367
-0.673487202891593
0.9736239217109184
-0.7937630942251948
0.557809874214289
0.6094637522609858
0.7849856357372191
-0.27820968776414134
0.14234713501195118
0.1577008380078162
-0.9050963157968044
-0.4637060313111905
0.0967223597359006
-0.13520854564632212
-0.47075722073786874
-0.7465416212482265
-0.9628203181205932
0.8888905003387748
0.6014951134188811
0.984747998964606
-0.30624939596404577
0.2993826838773357
0.3894238717973031
-0.020874503100473785
-0.4466862845970432
-0.793776602707458
0.6030506583110853
0.1847435559230286
0.14329666990753287
0.20065193358367273
-0.5389596651512207
0.18942279251198824
-0.21969985783503354
0.8129053827330932
-0.1273856876068733
0.3949571118611104
0.46925166136800556
0.13201286783591026
0.5647023154227169
-0.7490083500078346
0.5625249562638599
-0.26529543696367597
0.9991195493165863
-0.09257973395139518
0.774790171396109
-0.3650782283173808
0.1921352965316776
0.7399542147106988
0.19818547925978525
-0.9076316402332119
0.878877032398286
-0.13828448694264295
-0.9262678476080233
0.8079962815023569
-0.14240839728774168
0.9544123274982215
0.24874061632663302
-0.7137280699410513
0.8038638098480475
-0.46414344622182035
-0.5137155182318396
-0.041478128275854065
-0.6375294723120277
-0.8737128931700613
0.09164724083097209
-0.9613891151307263
-0.09537315261208046
-0.3158346464532624
-0.3180251100395399
-0.9783417482461276
0.9809584941807188
0.15281205740147508
0.34919488661368914
-0.7615501181907403
0.20561331036930208
0.9924591725294758
-0.047408895588101796
0.9426590863848041
-0.9254976081405364
-0.8320082730217375
-0.17374799241569105
0.03494067347564789
0.05073998514266309
-0.7791406593425818
0.7979370274524629
-0.28258389396246053
0.14292859121424062
-0.22566098626507336
-0.9102644780322149
0.12402132209836103
-0.8429851372661161
-0.8954651616539007
0.40721887613376384
0.2866414820435854
0.8200195425477126
0.2552029522518502
0.3226166772963208
-0.3260904197228549
-0.9459777237958737
-0.4173071125768688
-0.0811261380995536
-0.020999647118260523
-0.17863863315676354
0.5880002741004706
-0.4147244653687072
0.8347023721448601
-0.8329143868749382
-0.5738711166552302
0.8416535483959624
-0.3014943668543839
0.3522741539865786
-0.42133789075151085
0.1170164971602321
0.2773944194318856
-0.6980814673896458
0.8336487820938152
-0.4802252813957144
-0.4485115336335517
-0.016362146440422887
-0.06239029463816359
-0.18944250542167995
0.7076286173218407
-0.211421395972887
-0.9323242188981105
0.024950172747232324
0.10845637896370208
-0.49657391536948947
-0.38242939425961975
0.49230538250980227
0.7994897889627712
-0.9574653306427663
0.699354213873334
-0.6418883526109567
0.9961510808373184
0.7517606752536639
0.23354804537712548
-0.8587700849409605
-0.5053449059237425
0.8006612353847358
-0.4665371000148808
-0.65636208208218
-0.9848803462946654
-0.05270111442618086
-0.1147433698955318
-0.32085119495688685
-0.8877862810936084
-0.21002795295479615
-0.21654947258669788
0.09890020034966374
0.478110521357741
-0.4872333830135185
0.20233576191622782
0.4652366025247374
0.2144674689221917
-0.9130943734272015
0.5669060092150038
0.46193730367750163
0.9646070935641302
-0.09255110930268495
-0.06734575204195603
-0.8724306749478941
-0.3259741697114471
0.9249745572519135
0.29177524412702205
-0.7399267403419392
0.18681210203256682
-0.525548252502211
-0.1059817731728745
0.8645182407766807
-0.11249310199811569
-0.7914077946202227
0.0036380128716053672
-0.19771001443290226
0.16239371711673356
0.810546360362185
0.6095947022845194
0.8488043355241983
-0.41884221859098325
0.4908880184971489
-0.7356433069497632
0.4781669170548031
-0.6106921505232297
0.6664090795492941
0.44736357798010795
-0.13297332872519596
-0.846293682860793
0.6733251679992058
0.632409555840475
0.8462010458000018
0.21800759128041025
0.8850694982149776
0.5839104683923451
0.8274766886682343
0.001756433569117366
-0.8150678638802258
-0.6847787934547809
-0.9056810734339653
-0.8836472740651273
0.3863786637946749
-0.38712713334144966
0.26905134806556963
-0.2269596769460538
0.8989609276162336
-0.9361974403195927
-0.744606164962796
0.022532540813779534
0.7053107599584063
-0.8816481002057082
-0.49592267430374615
-0.007160695891410773
0.5447850409678441
-0.11998722345993329
-0.9394199566299799
-0.5186868416639807
0.09190998206600565
0.03360286292528292
0.5278587272882251
-0.9911135745361201
0.8728486128161332
-0.393243952336952
-0.18672282867928525
0.7589230221921728
-0.3193043819992534
0.10531606267574789
0.3277609976458533
-0.2999373207193716
0.33048024298911605
-0.028574933004928083
0.166537101423899
0.6318883352207159
-0.26266265956884416
-0.7161986449482205
-0.27535631771137536
-0.10580013945465705
0.5063834055763032
0.1529044825017718
0.1867251792874518
-0.9548685848226408
0.49041397569892187
0.35938831029499285
-0.6205460999485999
-0.059697717342935386
0.10161607422776875
-0.557553904479442
0.5862494838795436
0.33464395861483265
0.5560672934466913
0.6653548088997137
0.09779388311376858
0.38050007330481117
0.684872256905765
-0.9312712491197206
0.5081695163438482
-0.7899518059823618
0.4633640672825041
-0.8323036858066108
-0.9347256907511325
-0.8329538138607435
-0.010122334069189609
-0.24258460956892014
-0.25450254853108256
-0.8076417428642142
-0.7118212298414752
-0.23795135942537682
0.14646638042784077
0.36967010565788105
-0.9872878559550682
0.0955195116588552
-0.2219957608790739
-0.29774584128557224
0.9034087391505026
0.09807644790735925
0.8802652517388163
0.8186004255107051
-0.3331285849393093
-0.7291063618628459
0.5093431484227988
0.49418090108082247
0.853335648530583
-0.2483599423518017
-0.6955232932258701
-0.3714313929064166
0.25388067551055093
0.25715286305479723
0.08730308669241116
0.6315855161168966
-0.6400557831509335
0.06505304472279194
0.24244017518299588
0.04910715661861853
0.5072720445222494
0.01434471656638836
-0.30999569917596825
-0.30139600006645106
0.4690119422142549
0.4757432156294559
-0.8154994601136842
-0.4135462026282226
0.46773944631717423
-0.2243208814414337
-0.3391508641475873
-0.5564887404983261
-0.15621838895015494
0.653629531094079
0.3971406524590908
0.8423750690623575
-0.052718026018065745
0.9906303679337518
-0.12496000355230574
0.5492459124455962
0.21402928673424415
0.2675270324115029
0.3925879727526074
0.015220677654649295
-0.1598503185608453
0.994723395184629
-0.27952276921598584
-0.2736769000426227
-0.011659329209318336
0.7008927917334478
0.3917069383374767
0.5085226087317316
-0.9615967155986458
0.9763173767505342
-0.4241505151386584
0.8234473179504611
-0.9625927831708612
-0.46277465223049097
-0.08700986288701085
-0.40754998514264473
-0.7900994599577926
-0.6893010173675291
0.16872875498510442
0.1511380240797644
0.15615612670535528
-0.8645705002281088
0.12046073803005419
0.5634334280498583
0.1965222613840052
-0.16820279163148855
0.6964830590121647
0.7136801598571316
-0.7874746144194855
-0.8845401995610862
0.0632982846977066
-0.6527296937881313
-0.7095502920445049
-0.8881665811480226
-0.9071811800427474
0.544713016041513
-0.5093033310541553
-0.9254450068630189
-0.5599992312435511
0.9910244364496126
0.14630635342239517
-0.6807820260511335
0.32276562924867913
0.8417684927480182
0.23659917074320447
0.35437508004716456
0.01989546031744016
-0.010967886903580304
-0.4130233490867232
-0.2749933091321073
-0.9110839356272757
0.09507270399584722
-0.0865038723365501
0.17935509947891348
0.3548105331822895
0.8883266149964424
-0.9390863804486247
0.4282292433965056
-0.16826726354280264
0.9059224102729246
-0.8245330751591222
-0.013413431199857495
0.9137207221016859
0.11879486843865705
0.008748513664953217
0.37040223141561057
-0.5932648617745564
0.6899492304594375
-0.9334027118175623
0.26753991126699295
-0.7268212035321169
0.49337762658207174
0.8970146515065165
0.20953915491680997
0.32137916822586354
-0.03941582532944876
0.4536900760209821
0.7419405666383765
-0.5036541954227902
0.32362617259369375
0.17679808380822348
-0.8760297803500197
0.9144412014136485
0.388034659598957
-0.7996914654186884
-0.8158896991819076
0.3334325136075491
-0.4040720944796927
-0.07487274649040909
-0.883716074497054
-0.6392801646904618
-0.6709130795534435
0.08996591575627821
0.7220873233804599
-0.6236357307099332
0.15371356279587345
-0.5730852706838121
0.88770349885151
0.8838673755273936
0.023045936322455107
-0.9937276766960959
-0.07016301845800288
0.8004822219607706
-0.6690417553094938
0.45526311972194256
-0.14678992472187646
0.06016357894779123
-0.8508742019022721
-0.6221473885430309
0.5328659390805144
0.826093098267694
0.9822888902947102
0.5079474901945273
-0.6322741421897726
0.5960445080909684
-0.0593976177256097
-0.6041531571940391
0.04755198129317928
-0.4673200265190278
0.3550107428738605
0.7578875077435412
0.7336689931637694
-0.5378012085510899
-0.4489582782049639
-0.988193332489159
-0.8254976008015933
0.15858686443153225
-0.25163485873777125
-0.02457918399291681
0.06019316762551985
0.7670434131730082
-0.1320844351784558
0.2237995628361933
0.2662527513464248
-0.4810104466778191
0.4053316072652098
0.1801911481985048
0.5444241866003252
-0.747607644942794
-0.5310824726895245
0.6585333264897364
-0.3103803730043775
-0.32503544653401817
0.5822857461751854
0.2804628151593831
-0.7549935946535264
-0.20587024772293616
0.9162917327449174
0.9573139101481747
-0.5969815509396899
-0.5135301956125622
0.24182683934051274
0.4576747629361151
-0.08172921681300571
-0.20929948670437515
0.08448667429814183
0.973648763132948
-0.4309396570816535
-0.8179514843969498
-0.6859136670313088
0.5540460606435986
-0.012662139146264018
-0.17776887662103658
0.7164468633410865
0.29030789345135344
0.5227391839900779
-0.4219304471983214
0.9718304017486175
0.22104596832991086
0.2144676865717896
0.46309237513824164
-0.09614552197161297
-0.9363443940728662
0.9155223584387149
0.08031615827029914
-0.13533085252134924
-0.9134593904817736
0.14696926038420077
-0.36928282232517495
0.6866339484039958
-0.29693456243960403
-0.6443426815209257
0.10073590754726691
-0.24231547649936935
-0.30157121280772325
0.9069822524814337
-0.6465140820978137
0.4670316768599554
0.39323019185850816
-0.634993799953887
-0.9778356949037108
-0.480210201553688
0.5025798768724243
-0.6045571353190393
-0.6595085025589764
0.4335831598371116
-0.03281964776294144
-0.02727838750970557
0.34383448884954215
0.9071329630207434
0.6128856351940775
0.48054735078065636
-0.7640032876235823
-0.3097192622185494
0.13782285073833278
0.766075465719873
0.1404855805235854
0.08685658040466593
0.6312389321413276
0.24102463279769437
-0.058603259976610866
0.2862539561227877
-0.4041873175951538
0.7187537209397126
0.46788225586463783
-0.653473441493732
0.27525173708585093
-0.16546884371239834
0.8874987294374177
-0.15872538309992312
0.9815704293401613
0.6169295115520133
0.847557758802483
-0.0654576702567875
0.07152493465028287
0.06148027112135157
0.6399316323453264
0.9624003664452188
0.23925745463761916
-0.5965729415674361
-0.5364068428130138
-0.5231588300949925
0.8722821664356593
-0.8053810618115567
0.7204980477156664
-0.8529323082444167
0.3605215172848384
-0.7397112483579102
0.20424537701087542
-0.08479132015935575
-0.5468193528388441
-0.8553364731367901
-0.9727189472687681
-0.6320518141317211
0.02582598383492063
0.7500584337339242
0.181235903821936
0.4125084446436358
0.9501112555638562
-0.4676919151524126
-0.2636812380416733
0.034879685023286866
0.1511737935279649
-0.16390756284629804
0.8595138058153611
0.1701429685851834
-0.6071998815501229
-0.26308290145267277
-0.9323419175418801
-0.47081486044930543
-0.15196003639855427
-0.8977879483577595
0.4303042371525092
0.6030587067525122
0.0930246885991548
-0.5077849919922048
0.798601583826456
-0.9943081803530571
-0.19567562738166155
-0.00799118977547053
-0.4397439389043505
0.817607425753549
0.14525660942103547
-0.900714030218702
-0.0930411832029987
-0.3422369227746087
-0.40586241962857406
-0.6118840134260641
-0.85049981636138
0.8375765803345387
-0.2024562438846449
0.8271948353510572
-0.772885058588352
-0.8593446306857553
-0.07576772844113955
0.3517580052589264
-0.7685681055037266
-0.47629892761777914
-0.049556179258037014
-0.4284566101732683
0.501729741828919
0.3485130771115299
-0.675107558960522
-0.6571088572397452
0.6470291190570197
0.6319691238606422
-0.45817743888972573
-0.6587266301204209
-0.28812164604531065
0.24031312581558972
-0.706906481189447
0.7412471462601113
-0.3734806433793014
0.9560341384159134
-0.924671410846519
0.6440291284404196
-0.9315525166794543
0.9100728781139402
0.39574494156888185
-0.01140716483320503
-0.08879212092165445
0.9990462517744623
-0.949642643236986
0.3403921356807429
0.5475985735045485
-0.4033672746963326
0.34082880113155256
-0.8274818382574065
-0.4517208244054596
-0.8797854036981008
0.5513170343117508
0.03730046692219213
0.3531111213744358
0.8283267446180858
