-0.8418849202981764
0.5438129819198856
-0.24693791729556502
-0.6695539356011624
0.5280054800215688
-0.6684631789143709
-0.21630303022239916
-0.15208827381978485
0.15503272065143814
0.9365763958375029
0.32435088046093696
0.5951912238626507
0.48857771654095195
0.8895661543078135
-0.5896904280103628
-0.7909357302102724
0.7828605416391277
0.17621073087383587
-0.5089741892734045
-0.4221535039913309
0.7250836764030772
-0.8862692048035687
0.033891578617476714
-0.23127168996181746
0.6685954960848646
-0.3929966180169946
0.012479885628119192
0.0676264360705705
-0.2878974679548878
-0.8764319419881861
-0.8263950309846988
0.5693530296407001
-0.6242771163864811
0.2520627894881571
-0.8564356520651626
0.18754868418471382
0.9469413777102342
0.5465426020124062
0.4124419112047675
0.6979650377739128
0.7042897433846254
0.5095254119407597
-0.973632231797875
0.4853248358179223
-0.826157350765534
-0.9704999602991773
-0.5788554095853189
-0.9668736901737611
0.3333860888048894
-0.6359783986982162
-0.753332395639063
0.8774008220839509
0.2513789481836133
0.8474106741669247
0.2600794705029985
0.7395725071154353
0.03259516778104765
-0.09753726845044541
0.4066176300467266
-0.13979096629320886
-0.8604002039166809
0.6484655713463952
0.06062799757056925
-0.825405400489708
0.16897644351636054
0.4232120584789587
0.06523264865601242
-0.09730509332328663
0.9834913650641082
0.8745878361149713
0.6876566863986164
0.3702262445067541
0.7361430015489998
0.9277020045235147
0.8982340931389678
-0.5658193943114405
0.7693124440657417
-0.10357841884112551
0.4846281966880206
-0.2447008844615588
-0.36800356271432677
-0.7164399963617283
-0.5711819969778988
0.34162782305360406
-0.46963149351338385
0.4018603995591521
-0.29708275129677
-0.7185710242014489
-0.5883187573468649
-0.15169402739592353
0.1809088147566269
0.39036282091281804
-0.4212128764786347
0.07717915623381644
-0.28310738723016127
-0.38300493711784767
0.24232149280118676
-0.15731667972623797
0.6064606207993746
0.48232554072775913
-0.26014321721250044
-0.880169999795335
0.6263284410833672
0.5731749099735965
-0.7138975375725787
-0.7373138114082396
0.6383688715858304
-0.8340941070242418
0.06549150711804841
-0.3780334828592051
0.3477071448537623
-0.5739024883852377
-0.7617410257204806
0.6193457458785292
-0.7794448258200357
-0.6885705764453407
0.0033841824872307136
0.363757713907235
0.7959762358769678
-0.7008230253199752
-0.7534658326122057
-0.7046624443409579
0.6667871335803146
0.3663546502599151
0.4984106472194092
-0.9444456014349543
-0.7416778746803798
0.2696896072971422
-0.06133027237542854
-0.1925272329790768
0.19979614378671773
0.10424520461245068
-0.9971525932551257
0.5679709439523319
-0.4384773121393839
0.3636563330202196
0.7844915810674862
-0.23586420946858944
0.522255655752452
0.281578521057134
0.8719653091747723
0.18894414892632838
0.1344414498651545
0.10309348730206258
0.5191522268737372
-0.1932695840628189
-0.22881799023769434
-0.8835456868816074
-0.8784384755819181
-0.553167442074965
0.567226118705831
0.7696943455080831
-0.14590684120058794
0.3241974380075814
-0.2926789104817542
0.003264474224690117
-0.9760071077301449
0.5386180870390136
0.7687735221448457
-0.9509964992540871
0.2022892524255011
0.22966614907664096
-0.5089177552767385
0.3773879259104602
0.5192721924320807
-0.09772732349811108
-0.6759764294162258
-0.7808527396832485
0.6443381052887178
-0.4116980549194498
0.8965830523694454
-0.8560279935962687
-0.08220901695832605
-0.02764733284364418
0.15264516046114873
0.5481819853475116
-0.1380433608875824
0.3854127463726915
-0.6846333235547268
-0.4151366588372476
0.8712304265564992
0.6578829204496599
-0.9293241879595635
0.064123140078435
0.26544701256257697
0.22387676323495875
-0.5986453636910807
-0.8422491238453822
-0.9117766229551005
0.5815937818467021
0.35667800457214405
-0.6382823838848288
0.04169527131121331
0.23995414345468968
0.7085974139948281
0.10158292765444088
-0.22867021152042644
0.6195730115228655
-0.07602520816582348
0.6100215169747079
-0.6507355290921737
-0.9734553406430884
-0.8266144532123976
-0.7376786385082594
-0.7481117438547273
0.780394992463175
0.20052693087728635
-0.5751537486437903
-0.6128550607179841
0.8529543143879337
0.7922832628013992
0.05309542607484863
0.7993059444762565
-0.037209721396964435
0.31801388346231785
0.7701352843789218
-0.43627546803505
0.9702334289713384
0.3476477976372143
-0.03718318269959742
-0.9186505696890821
0.630917659026714
-0.28831825742005024
0.5523340822938154
0.49254090610290313
-0.7088518530407506
0.5321964349550834
-0.4726799953039966
0.2519990874085436
0.9463010707019122
-0.2674798693847402
0.07181546580067844
-0.9586214975622298
0.23384853334754085
-0.675816112507059
-0.8229111544398529
-0.8565703842785712
-0.6045057340765083
0.37333057020484395
0.9954236376342267
0.16127305108931567
-0.9817047805209793
-0.03524765550877107
0.875632756488286
-0.4613213888895884
-0.5474647161773611
-0.28975062727338297
-0.985801869024538
0.7219853217385854
-0.7954923081025482
0.38901732359563024
-0.03742493652662837
0.0015665389562702359
0.3152537364226544
0.1612864576852624
0.8503418831250078
-0.9194924848074684
0.7616958383497348
-0.5375490173552231
-0.8844846156405688
0.24043008186085002
0.25449294369649933
0.16344390789267438
-0.22250604916225014
0.6091641808420467
0.4573383984420789
-0.12587404509050493
0.8447292459818077
-0.5177687138827889
-0.3846904444217507
0.36997577801449144
-0.681628823936359
-0.09012943474486113
0.8552696791277474
0.038381795324107904
-0.565233105919253
0.8336052967065299
-0.9907865446571895
-0.030647738972512384
-0.7161598023374922
0.9411102317139635
0.711837810003171
-0.1435227050085357
-0.25298596361403325
0.10540923961149296
0.7365100607654078
-0.7725100761259838
0.8174824936111482
0.7841954966873708
0.059196837363173715
-0.31020982964307997
0.79727726672043
0.07733425144237605
-0.022192584856155495
0.8548119066198145
-0.3902845265028705
-0.7246279388883103
-0.2352050365833751
0.39612716081552235
0.5224559419454846
-0.3208563228984569
0.7937514809960715
-0.7003012615810782
0.9455312776374498
-0.7696686324297521
-0.1438784276600309
0.7807071587347159
0.6503640195548095
0.06509983781390827
0.47205073211503756
-0.43010584366966476
0.7499165857385381
0.48769222515711586
-0.6002242480986961
-0.6866202648954323
-0.9132367149873784
0.05814154088291135
0.26085368031077816
-0.3165731365877773
-0.7049844168259247
-0.5019850798088035
-0.7760817182198019
-0.5363587771381684
-0.26632874687383135
-0.05962474495981107
-0.9724585392981611
-0.649388237227875
0.7330982404076982
0.684910025118399
-0.7268297407480799
0.5050112426404878
0.1530061113211154
-0.9335578921526708
0.8819978154849626
-0.011307367820908354
0.11939717122415794
0.304804334006473
0.8850201694484954
0.14033250354733773
-0.01036918808188747
-0.7236764752902303
0.303419061981137
-0.32931107345000576
0.08887494217393432
0.03192677772017549
0.7768026453710706
-0.2004447413019932
-0.43214088658716565
0.5841477106647028
0.8097269362298956
-0.8899908055433985
-0.1490154822504104
-0.004923923370904415
0.032310471546260544
-0.03842996212652294
0.575486378212348
0.11955971999724668
-0.2913540110408661
-0.7176062785401425
-0.3335143773303051
-0.5072662263026542
-0.1228965509700164
-0.6483491136013086
-0.7505933397686029
-0.20178264044977068
-0.030490993652378506
-0.21325157551805418
0.4703787968177826
0.11308385446448632
0.5315757799595964
0.3660708699582027
0.976879888179268
0.697975804892293
0.7548520877039886
-0.4535667194251609
0.8050207139736991
0.4855025520634073
-0.06915543882229325
-0.4245464205323093
-0.27348957537892393
0.6173227132736707
0.6508624799503395
-0.04743293902382684
-0.27251789224886247
0.39008015473213975
-0.39947753926121354
0.6584220231872882
0.2230003745104674
-0.2073723784948256
0.135741322574908
-0.9490888379271722
0.8552116523613065
0.4517376838084277
-0.5225635633349288
-0.3828918515427808
-0.7202603465655271
0.25076638450962463
0.3250440602152058
-0.1261045484475356
-0.7859318004010405
0.14550051298376876
-0.03564483056848777
0.6260849911893052
-0.7967044812847461
0.7736848748149352
-0.4669391595511512
0.5193475057530901
-0.9472169641604733
-0.6605078306652137
0.007788065924066778
-0.6337156174295495
0.6838638865338651
-0.0485369287328874
-0.3107006291685508
0.07748909526405079
-0.7120840239461153
-0.8977901346320005
0.4879178656011647
-0.8045375355685944
-0.9142545488548448
0.30044302707548676
-0.8508671045145302
-0.9922386307056665
-0.25663308607397295
6.451963109475045E-4
0.7097293638759248
0.006775331789312888
0.5519080501804221
0.9229827842415852
0.9376758397852281
-0.9329580150860313
-0.15149480033246987
0.6158117754031556
0.2843974606406987
0.12702787358119427
0.8366992606824224
0.6853983684783007
-0.03405088711030335
0.3908159148064736
-0.041019791950060336
-0.49775739933003327
-0.8100040984379002
0.10615775756786117
0.2807701483287064
0.3906571684671447
-0.7416016531748109
-0.17113668625141765
-0.035725351314892295
0.3180199839151683
-0.6994098862168086
-0.2504827421036284
0.8422739011681419
0.9223848186590711
-0.26917298283391333
-0.8629740758645386
0.34606393637111865
0.3518995986190625
-0.8272236171704952
0.2445154524458042
-0.40159864188863614
0.8367475930656421
0.5578070236611243
0.12661586270365266
-0.6485568413673235
-0.8259075539466136
0.37872959516382054
-0.26681652645668863
-0.36868440112191414
-0.6212260657366977
-0.3313705641873892
0.37302768762465677
0.44508542020958575
0.6372660727823105
0.1748224935409688
-0.8177751823654205
-0.28745109795696333
-0.6003236945063348
0.4108577582386841
-0.4148823969774391
0.7043927588954921
-0.045671921098296764
-0.20512146450287605
-0.09788649819621087
0.6999237759474612
-0.8482629950162635
0.9205461973085582
-0.7630883909405453
-0.6782971090601251
0.0795545763892358
0.15712119781672285
0.566802951895711
-0.9389389438064382
0.4373198009212389
-0.7618146118110098
0.5632051880433389
-0.12238554436958693
0.11962557893506909
-0.7261180187757417
0.08560732235026314
0.4375374748433969
-0.9114301211804532
-0.29056159348136723
0.5206172436731014
0.5494923334375033
-0.9988695852406273
0.1531296750220097
-0.8211815843757699
0.6637549350803917
0.25436489848054933
0.7097289725055365
-0.1843396078630517
0.919216705715852
0.12110515868757865
0.48088359785696255
0.00862027383949826
0.15458432858865212
-0.5289201837972737
0.23174507399581845
-0.39860924568746237
0.5442372962344679
-0.7928352273417325
-0.1264272962142765
-0.28313573219419963
0.07584650193726894
0.9937270326463759
0.3749198120006334
-0.05580114395311764
0.9559961198032718
0.11379271089381082
0.9894041191868723
0.2212670987840306
-0.7883079977692589
-0.6359643008049876
0.2759524717120474
-0.3376949609159856
-0.7502193001917103
-0.2186501406551975
-0.7121976112580526
-0.8784062516234186
0.942943474911413
0.6920314004981636
-0.48056794537137826
-0.36247872725946406
-0.06992938201235188
0.08436614678368604
0.7259827129124421
-0.9326109712928592
0.25046194164369884
0.6276798523194937
0.5676258426876373
0.2018421281471212
0.17543955197543792
0.7956766524551306
-0.8182793676742541
-0.5611814983222994
-0.8423996605723296
0.49915620490451107
-0.7515044272485298
-0.2995727329079123
0.18707552983521136
0.39296478769934384
-0.10861970589200554
0.692183149622114
-0.4741939593899003
-0.4056970795604704
0.8410035390253086
-0.16746177781373484
0.7849819594415273
-0.06572447615472199
-0.30773596130117675
0.22166896847530304
0.6174360180625973
0.061838723786977745
-0.20322854492653364
-0.1280084031321369
0.9159216105883539
-0.2709393373553617
-0.6416541256803332
-0.9111056392398253
-0.6601545337758954
-0.5911190158788808
-0.36284606892451765
0.36869132785611036
0.23716659942105678
-0.9686811615784137
-0.18154885450307878
-0.5281820848783407
-0.41518581697268964
0.07134395214346445
0.06479009834383742
-0.5671970716660821
0.4401160613324626
-0.518607230250314
0.5459450671197417
-0.8154305055865836
-0.42262807426239624
0.03377546382168517
0.8286945363899028
-0.796868822723404
-0.5221550953535632
-0.47701371408178583
0.9089924155326305
0.11976577365398122
0.6480857791254329
0.9751950866742731
0.381951526298272
0.6012651119800383
-0.6393543856484747
-0.47803645830874575
-0.229548758142317
-0.0351254345317884
-0.6571280738075858
0.9174950231437271
-0.12892628880971646
0.9730516550949508
0.6836254998303015
-0.1865071288841098
-0.8735374734823815
-0.955811149186605
-0.7156056616685791
0.8529675070397373
-0.5039113936084028
-0.28103902673868353
-0.4495774669613013
0.40409806641194757
0.07279904248581337
0.6379739436350362
-0.30088709074855347
-0.6724795006665341
0.780415038462436
-0.48509392415858943
-0.9428986484828918
-0.4448208696317535
-0.1119648176783079
-0.36964996654496307
0.02404347504166382
-0.5438556088957285
0.7895922851530992
-0.7749213667415356
2.92855809582937E-4
0.974565511795233
-0.47739929640669154
0.8374723573455489
0.507292289408962
-0.6528078989347375
0.8379239507398766
-0.8916355675898713
-0.026360830611977137
-0.15733608283756384
-0.7172193009115648
0.8675719754481146
-0.7835727376470698
-0.5879647394321326
0.7220997511353211
-0.5800999536675202
0.5166070479309763
0.399763365243909
0.9987244036892877
-0.13558082202604305
0.3687488740392766
0.5366589182152894
0.02085698990826934
0.009333614043079308
0.47973166996670336
0.32105992062681055
-0.5344745129610899
-0.014227457451485792
-0.6024772109864112
-0.40824297514864094
0.499744884706407
-0.9826474256624687
0.2703536424103983
-0.39403615258791014
0.44643565411279984
-0.03162461328597743
0.66823685899901
-0.7421085560209641
0.1600535997225736
-0.7279601363399442
0.14291188316211412
0.2082512464334021
-0.9727250968216177
-0.3689368142037952
0.25894532918127444
-0.357722730084282
-0.029028811598913018
-0.5133774307880619
0.19785457354535452
-0.8663768591593652
0.6111006059826145
0.6675430601989354
0.718762116660816
-0.336244008254448
0.8240302573218008
-0.13982627214549748
0.2532304404215264
0.2312339988683667
-0.6578023877390822
0.5804094238735811
-0.7814338601118367
0.6825203731606664
0.7489073617430761
0.18283166430182374
0.253023857161238
0.4057528523507361
-0.7515475774237672
-0.8920429976649777
-0.9920188510923769
-0.6488479054867942
0.9296373162704126
-0.9529023663343665
0.37629496532519524
0.47651892529723217
-0.1088266515406735
0.9953541347793116
0.5926923944755351
-0.8364641069403611
-0.4396947625831742
-0.7332243894953336
0.5111883211368411
-0.5896457394613679
0.8114198081672823
-0.538260628284517
-0.45383733961609707
0.6782120672830789
-0.9207217816003501
-0.8948840419836155
-0.742127882034324
-0.8454032064227948
-0.4380973974745095
-0.7851969839322313
0.36981019077078203
0.8927296060601315
0.8210402427013994
-0.5862744172730565
-0.875529300858134
-0.20308529237849116
0.6135180956526511
0.3644165744572503
0.3157112602656471
0.7455633433776185
-0.3753087914407549
-0.7161925442932491
-0.9199476621847344
-0.7215336316939127
0.9255788751910128
-0.9131271455960317
-0.4141105729871992
0.22215672881343074
-0.5618255691300429
-0.6887083860708374
0.12873569853404043
0.3869668061868503
0.4688028482658735
-0.6087014732308926
0.8222541121129163
-0.95834690705378
-0.5427064924239651
0.07742026947992553
0.06897664433163375
0.2562244941694778
0.49012383953489036
0.8398022319049878
-0.6987484262941017
-0.5991219143070481
0.8385820378513644
-0.05365057664302331
0.10209819304964918
0.09870993930459049
0.808386049882577
-0.42707942962687917
-0.25271028775890003
-0.24786456341787177
0.5250882265415338
0.7813296562716896
0.45412631486551613
-0.6022808642475435
-0.07001552645494336
0.4919244457504497
0.17900002847781926
-0.908621359544104
-0.7758627189681362
0.6810286869062727
0.6749938830141946
-0.7143056032712225
0.27351454119128205
0.9495480258782312
-0.2976007414531212
-0.2666787310481824
-0.9238664991121708
-0.6624423005138407
0.7791750077367867
0.3352646138565194
-0.7075071069693046
0.8007034010212848
-0.3349874974010656
-0.9499517718645476
-0.9465349292509382
0.11776455266273333
-0.10818714479314662
0.48956798327597584
-0.2147885085089034
0.16474283276303536
0.08502089291095571
-0.8503097098945009
0.6285741273738588
-0.5306440241266386
-0.4355969228408234
-0.6415805593468753
-0.8192111300158398
0.750831567795949
-0.23050362206425468
-0.02827496149348785
0.7502538447166891
0.7534114032380745
-0.5759048069874533
-0.3931149453230778
0.09047952030831619
-0.9020068150614065
-0.9642143302118571
-0.22453420418828074
-0.3327639830935445
0.10485071507264654
-0.6793251004225005
0.6628266195633952
0.913304693665794
0.5813907326609866
0.4501062743794828
-0.5016981935785909
-0.36186895307922606
0.42241902881573146
0.635289396820844
0.46997805540724347
-0.21493278773221247
-0.4635947172772479
-0.502583154590948
-0.03974808600833635
-0.9332172371584133
0.08975007929290535
-0.08502172735576807
-0.48688336661860276
-0.34018761068718795
-0.6479248874977304
-0.40337562090723633
-0.6086059615365675
-0.8978987639139293
-0.4709284761696235
0.4970730037240876
-0.15810827758999335
0.8127976096087237
0.8854577525689429
0.3751911613900427
-0.7412667276479943
0.2414349655157142
-0.810885736515834
0.2875264679807332
0.3198726289026739
-0.445966332998726
0.04847705409432801
0.6172030458359892
0.8690710060750131
0.9765464511837092
-0.9312116142593696
0.35723619627628755
-0.17462050722589417
0.4414592932925794
-0.08118142936330885
-0.20103720669631997
-0.2755627686732476
-0.9787480595217513
0.3781881328785106
-0.47957716658502303
0.6306582301917105
-0.21718765265859163
-0.773564993436612
0.6261698282862531
-0.8933507481591607
0.15978932571838933
0.4384884566448948
0.5591272231210476
0.68596290513003
0.715259829185567
-0.43277549489501244
-0.5132502891100352
0.8675585184153096
0.2549759445355495
0.4222960253712793
0.25788775098069894
0.035107965587168444
0.6518490404888688
0.1954444074740478
0.23339537948243883
-0.09845137617293354
0.4552185186614419
0.03601615639734401
-0.08733895290116411
-0.9109473314403371
0.3838423690773598
-0.2535771462888894
-0.7901172073649583
-0.7231534231588417
0.13943890470530507
-0.25420049149589286
-0.5219516469906855
0.9840800551251492
0.627998749024179
0.7411306033710829
-0.06477648295807326
-0.4977895047500893
0.6389765961402094
-0.3513699182701189
-0.9831100457650961
0.7511333212699123
0.3078636631001195
-0.7758240615491052
0.3597169347581626
-0.09444489300950654
-0.7244682456105722
0.590117211881281
-0.3837096146330068
0.5228717818979034
-0.641869484468149
0.38678465414256546
0.1069638862825879
0.6010789592351722
-0.24578935299419213
-0.3694455070792997
0.43413682396242237
0.5050093183617919
-0.658864325981456
-0.4736719256816191
-0.38409469800367746
0.02145444138076158
-0.549263936158928
0.4608074353739946
-0.9598271116108505
-0.06150280597174995
-0.3354500357546284
0.19396138045437006
-0.4030527638487764
-0.5083557910928573
0.6318853193548855
-0.13040698254279692
0.7156910456796788
0.7791144709447526
-0.31067115866117656
-0.11806518163024315
-0.28376436759820467
0.8209060230021965
-0.8517817221498336
-0.13628683941652864
0.8759052335763473
-0.6789723113973378
-0.48301602320117154
0.10214008638973793
-0.07785709437289978
-0.6104515544663951
0.6381580544879599
-0.4571951163823502
-0.7209331418760838
-0.50911667901405
0.7452384406491313
0.2074549014429341
0.3280289984839233
-0.29300004439216853
0.7824865457462935
-0.6698304599312399
-0.8136134392448946
0.03899456859219508
0.981128262044404
0.807447584764871
0.06533919115283249
0.9177542998257662
0.6483174570774883
0.66124366907039
-0.8631760523509597
0.35418536086527763
0.40061295040689426
-0.8699952915776821
0.021101516433483347
0.23175426994631798
0.6616098307945377
0.7312739388450109
-0.4991920117673665
0.12885451153440397
-0.8562429400234897
-0.8195559533388028
0.873885984145006
0.7557760197128593
-0.7527165246576737
0.40375866879879707
0.47695085675015925
0.6008214568862387
0.8345455139575988
0.04967517293831225
0.3422881242611131
0.7023775599664452
0.6759998205249378
-0.11878151655125357
0.6958171042071766
-0.4014826311690278
0.01439556090785521
0.2229708854127639
0.05999978289266661
-0.5470273651701234
-0.8433295507889815
-0.760141430572479
0.0948109793175389
-0.8839169719143831
-0.2215728592205286
0.24091098219343743
0.9915289205881215
0.451593424371435
0.7137550270479376
-0.5703149559356773
-0.7717551264555786
0.6449366085854269
0.40355475677537567
0.5640616436242363
0.8026316003843217
-0.5940959039037723
0.8884126837472144
-0.15836222732322902
-0.3233495577346053
