0.4863126218745333
0.3919727508171571
0.39413594818968845
-0.20734218435596952
0.14756354313938913
0.9911458589338997
-0.5037205865450494
-0.6804063265311651
-0.9248563330882762
-0.07371892987068374
0.17432531925578454
-0.10522477149695986
-0.6292513621105569
0.20041594008728758
-0.4426194314617651
-0.6484635536105359
-0.2700149117224151
0.11694917982352204
-0.3917680952895859
-0.754828707912536
0.17986467630925485
0.5756525345523422
-0.13035085006542646
-0.3748309414887536
0.9619217747752931
0.45707070985916953
-0.23411173637787952
0.4169874379832701
-0.16823123376886628
-0.1880758521977366
-0.7649084951296863
0.6426713413803089
-0.11620800335173853
0.5506426763871415
-0.7875799537614281
-0.1556070471326214
0.16008247245889673
-0.8808236187439771
-0.45960365994409513
-0.9777470850260861
-0.23441322231704853
-0.7492566245747143
-0.7479255946088657
-0.8425513621611314
0.9868530539401075
-0.700808677223931
0.8542954176601303
-0.035818449216443504
-3.6136261919383905E-4
-0.11183568453323511
0.23242858018178514
-0.10155975326950006
-0.8489642086164562
-0.34871731982312903
-0.8953640935444669
0.6490624004894754
0.5146631309130016
-0.3079410566112366
-0.42715824629682997
-0.6537559128983528
0.4428603897260488
-0.9417114484302782
0.24922746380880478
-0.4550695819516839
-0.8222845104659513
0.004170091014578103
0.6812127873537024
-0.3247127355287136
0.23314316580363292
-0.8955754615174978
-0.6454739114408021
-0.9002807358594165
-0.7768754178261135
0.38819953744650504
0.4231058755160546
-0.824334614374199
-0.9133912046074684
-0.4234401742632743
-0.5037827010819116
-0.20433173915960046
0.2474672012390744
0.23588100357494546
-0.6926930235193143
0.7609797992288994
0.14828251041121776
-0.7995214981131089
-0.10423862421267094
0.04223058114607681
0.809644640022984
-0.0286794151712515
-0.9481265938905388
-0.509542914739721
-0.40798328583583277
0.9636888485125941
-0.7930369680855818
0.8840448223793094
-0.8248755395525316
0.45516544683389304
0.694738988185011
-0.6680866367513492
-0.07978645383168925
-0.12365726194202975
0.3666276661368433
-0.9994675522630838
-0.7565903877489901
-0.30983525465795303
0.9129376694815265
-0.1078742715055927
0.4038063958674927
-0.4781716695550824
-0.07663237888393315
-0.026316114247130207
-0.8022019443344428
0.42968432525300315
0.7145072633457406
0.34117352035799575
-0.5484373134625886
0.2485976270093897
-0.7413801859480313
0.3005956676464143
0.9164941695285476
0.7907381319124052
-0.8328628910076972
0.25731159769883205
0.19777028793643203
0.35479217629532855
-0.38606209454152185
-0.8726794570521774
0.6841358866338692
0.4730985600610187
-0.6723795390638916
-0.3810613913371226
-0.9026295994546125
0.11722901179617473
-0.6613782088984848
-0.8194055714074486
0.24279912139031534
-0.31395113266794206
0.03617603651572088
0.6702224746072001
-0.18240068534475795
-0.9836904351644391
0.2717458089417979
0.8740008652766424
-0.27845801382134083
0.384339087911278
-0.2603005981800015
0.886945225993452
-0.7847989622204543
-0.9915862630147501
0.6726495339684004
0.06513720879316098
0.48355207510942866
-0.08509120322624164
-0.9919919869755462
0.7691305872303187
0.6882742814353204
-0.8026579906776232
0.6139525080621362
0.44034401990406025
0.42995831319471733
-0.3240606626961726
0.9071417110365476
0.6870158373492656
0.6918152196240204
-0.24363212276781399
0.2511560774200732
0.0035602264383707283
0.7993704857233352
-0.11020308934006495
0.8937814582763248
-0.4930686118028811
0.7060193461434325
-0.5475371526916104
-0.11710531694194404
-0.35413285460232324
0.0022090038350774943
0.0914303764872999
0.3948488158461645
0.223649353710067
-0.5535953671762932
-0.37574271656486347
-0.7841009532343546
0.2722832980098433
0.5288869034963304
-0.5662144343285078
0.7363481899568389
0.32576531191183933
0.6048181684289644
-0.03470124254256368
-0.25126644667313736
-0.5376274756333292
-0.5290929339935366
-0.5882016694907883
0.5855154932530591
-0.8793261373516048
-0.0896104318975528
-0.03582921080732859
0.6883710313403728
-0.8587715518264694
-0.3060628808267747
0.10652963800669624
0.5703340727139699
0.7457019293821414
-0.20050745666489167
0.35303459976552065
-0.6863337351229823
0.23739715749672863
-0.7980761699051413
-0.44899556005629426
-0.7595180180945529
0.09196185347064434
0.4837785332832165
-0.5838440565449392
-0.800207831534772
0.8043008093099397
0.731310715285852
0.3193173720937754
-0.9662277907811208
-0.6325137526015832
0.7053434148858502
-0.49001989602763074
0.21769976392713097
0.5817250519055832
0.11442027675269029
-0.05943249202299894
-0.5878515353416698
-0.4737918097936491
-0.03190912031654003
-0.3536830435553817
0.7226653998175667
-0.5260679956029917
0.4510639192042738
0.23918448937915482
0.831299135188563
-0.7106519985695252
0.5343545825731477
0.4901991661228222
0.8459872907619794
-0.0790379996982602
-0.37255828303741856
-0.7967909810273888
-0.2920478248814047
0.9857704003120256
-0.024158556592213998
0.6239754697927171
0.30389405748617926
-0.3603137930393152
-0.7786048993405881
-0.5179099180236304
-0.9510872780305974
0.9378732418870324
-0.43204115257544706
-0.5707980232045251
0.6377273895374249
-0.2888273129663792
-0.6669257998488931
0.11556067519659208
-0.09409312514730961
0.6195715622115932
0.316588080706524
0.43789371875980243
0.29946206283278576
-0.5090714646334946
0.3800828988359237
0.595155796192937
-0.6797068573127101
-0.687061681953862
0.9063665529478027
-0.4953007789606496
-0.5033749384947981
0.318580433953511
-0.603836083048749
0.8599341877900442
0.9217049545766178
-0.5099345212509445
0.3595413672432468
0.6515601014395624
0.21067663385185287
0.5035561241788753
0.8724865170993381
-0.6720331990820942
0.8446861718074246
0.6467065725809109
0.694456655062822
0.9364190205708589
-0.6970840889762386
0.5633294221835308
0.6805989558636347
-0.434845858447263
0.12738205502011857
-0.18573534190597973
-0.6272628681764871
0.19753740826699584
-0.878026633081723
0.19079132124509068
0.11610888571202227
0.6929356882594959
-0.7436510477857612
-0.5233127450577195
-0.17576951506608385
0.02498642451594346
0.5269526436052421
0.9273093450801551
-0.39784657128232226
-0.8635471840492339
-0.9784560756570186
0.11883069976874205
0.8387711242302531
0.8108733094990264
-0.25971584514106794
-0.9819620209204216
0.09172202198572843
-0.18527121510781286
0.3455583341195745
-0.8671427056513485
0.11382768316150971
0.22986522517999863
0.9443536924811489
-0.5739573138876286
0.7078942480547532
-0.625572367099507
0.25115618265573336
0.3092268324769354
-0.25290336327033436
-0.9984261989777599
-0.964032967622751
0.4817996633566195
-0.3389448905886405
0.5687547102004809
-0.36881834831133675
0.638845321434893
-0.036894994311991614
0.2863622925606557
-0.5472850875401061
-0.855365661468583
-0.017849547874789318
-0.6169386643630987
0.9848962336854901
-0.3470664276901625
-0.13711588932785745
-0.4338615687039915
0.4852990962202408
-0.6473393125176112
0.11104492323692594
-0.9912840886237624
0.7848100118897159
-0.9728218975265821
0.48577727126088344
0.36169459151620775
-0.010116597696952612
0.43778396916344553
-0.12095514601815371
-0.7331955632696316
-0.36193215487239305
0.676726383742434
-0.027556333038616154
-0.3618411855517185
0.9145315017101694
-0.9176703694803963
0.9246488260111114
0.5832222664987536
-0.09354582992707439
0.06858981830103184
-0.8818789684017312
-0.7498815505439995
0.5537939771609373
0.7938605153775127
-0.9184117618127579
0.11672024817624038
0.9490782337703576
-0.021983956225583023
0.10520980043247641
0.2779791331230239
0.9455073850070455
-0.6252548254479915
0.7782203181912846
0.141467366545188
0.6518026793545018
0.4153936366085853
-0.29575925926035085
-0.3928783741042492
0.3238679483408904
-0.6369604546142156
-0.012663760754580755
-0.7143075809485993
0.40747761068915955
0.9502515155007885
0.7322890577028052
0.6014192122245843
0.04284180213112654
0.921244663820048
0.765446920298541
-0.27203262797678973
-0.7889571348513029
0.15891559249459086
0.05789728947119177
0.22267754312786647
-0.1160251786442732
-0.8504970992693246
0.9206084994264596
-0.04730512357029126
-0.9664388581931422
-0.5776148328006712
-0.058430508498261036
-0.552439702330557
-0.8373355254930404
0.2997950130986975
0.8478507591488045
-0.8336377792915479
0.13924401390022023
0.8009914180327369
8.991581454584896E-4
0.333562229349726
-0.45304408612529556
-0.1322990661166925
0.07127035930383041
-0.023875547321633217
-0.49046630365089827
-0.787599201129068
-0.4106066333059506
-0.41440695159297447
0.0029250281045782867
0.03828618883487045
0.5318515452356012
0.43227929079489114
0.0383031783483847
-0.36047446890824664
0.8780559643780843
0.9747337507325022
0.7807109813616819
0.4626771770405105
0.16007715551022206
-0.9638041733938121
0.6622366828402355
0.5949037758782272
-0.5712082082062833
-0.53927158773817
-0.1447394079325921
0.84188712893395
0.7723919561656707
0.8152600111964843
0.09045355461951221
-0.4318875930749497
-0.45130522184955146
0.36977402812240556
-0.2641528797563979
0.29445563583546663
0.83058105120609
-0.9336008788095267
-0.7025623270057202
0.6827739402347464
0.21428227434592206
-0.5208295233739622
-0.94157396005106
0.9844642353058994
0.10312579867644156
-0.13025184759864739
0.44333517782784804
-0.7102789075106537
-0.14526158544320222
0.36039335129872385
-0.12510988747793172
-0.013509604962393729
-0.23239997326812678
0.9740198151557873
0.3856825899835856
0.7228809866202466
0.7832284104156828
-0.16784764801494578
0.05328656063379089
-0.13593763533486136
-0.006831691514560312
-0.8448584884879484
-0.5533716316813333
0.9444414180796536
0.5653468515852316
0.874997218259637
0.7030584353454319
0.9381778193638253
-0.45775017979456933
0.649721311131342
0.599710028951489
-0.6941378309882595
0.11376231913074175
0.8590342389097863
-0.9606270089231819
0.7224481238690994
0.43040925852388523
-0.235094543347673
0.7402493474082761
0.15129323248396642
0.7981206553454618
-0.5636844259583931
-0.3994003773829944
0.501431364302179
-0.8164618226852334
-0.7338099439211385
0.20342843992585857
0.48996285947087426
-0.6407304012387101
0.9494639616377252
-0.7670006404826675
-0.47128391925693824
0.7313885030254474
0.6447492993158306
-0.8058912770244993
-0.5359020386969267
-0.08313282729743521
0.7080950004153099
-0.24331073823853533
-0.1786812861740057
-0.5234785449904753
0.8658428712642166
0.29245568139522415
-0.16106089027853288
0.8594364616098162
0.9846002811672157
0.7269431607090473
-0.9730430483818808
0.5777337041504167
0.6998649135115116
0.6994320551430993
0.24141274175523897
0.9059290889853777
-0.9191471121173673
-0.7951076872749461
-0.6592385016818636
0.9870238920156413
0.23759710272044243
0.38622107865793254
-0.6259768457096342
-0.8721401029227274
0.31739849612659454
-0.048312128572558954
0.9479888235647171
0.2791612097207703
-0.30877175754438446
0.8116434706245923
-0.06947314915631386
0.221075633891598
-0.7033055904614032
-0.039812759052085145
0.9692975181996293
-0.18708049853033137
0.08270313026613962
-0.6283701769684438
0.43995121446168395
0.8162197751207876
-0.7080414152620638
-0.26177171260017085
-0.6148495870560342
-0.7369613335441791
0.9209628434440997
-0.7551888514552301
-0.23447902177015112
-0.883043907137119
0.113191924269185
0.2575521149423503
-0.08409463104550463
0.06197609393445269
0.4696393393873859
0.7982902632655249
-0.5149461734381571
0.6550138288760818
-0.6980643058396876
0.9824381601174919
0.33415703082897696
-0.20948927528588368
0.7067663500739785
-0.7823440258651013
-0.12061129693753991
-0.5488840035410372
0.006326824186225766
0.8921137860641111
-0.8141081897224722
0.056262160953063134
-0.42193030990638647
-0.4746966708022473
-0.24459140973271265
0.37085496510162397
-0.6119864714444703
0.9110004166519312
0.39701921059274814
0.8991870449800434
-0.3546009677502684
0.6511218552853493
0.8302205770938291
0.9645757046087506
-0.08750606939253003
0.6608593607151658
-0.2581587018002962
-0.7368840216089585
0.7318636890323522
0.7196145197889388
-0.09694437994306315
-0.41966878463109025
0.3744398461147993
0.9488996495508641
-0.3499765238780561
-0.4276074386083424
0.6652352139339952
0.21750956460079673
0.5414506799728562
-0.9610285993604639
0.009568513087658825
-0.09409010952785457
-0.6713716790588251
0.9526775703169037
0.7211789287756145
0.20592855984267122
0.5082753868849896
-0.33957192532087443
-0.4553753240060485
-0.811522542040757
-0.3242241383958093
0.13498079207127844
0.8678770569042198
-0.7588279046987747
-0.3438341297677945
-0.06974098337502332
-0.4629645006330829
-0.8406430791096069
0.9624920169511881
-0.4180172861429736
0.4136061197721137
-0.8318135875130561
-0.48407115423405167
-0.4044867575926441
0.8558008826281618
0.46005017802930537
-0.2406920108262136
0.8757090190671168
0.15883075521877443
0.45077318499763863
0.30547712102202107
0.4789800320694
0.6551815169863944
-0.11033853315005171
0.084173417861648
-0.0943802252135355
0.6543766298664797
0.20260484113218769
-0.41413942057123077
0.8008841381033673
-0.3072526394517454
-0.9959111314907987
0.24824524247982604
0.8961765150976697
-0.33275472549704976
0.5831081579762809
-0.7090462398459401
-0.7029098258914463
-0.656650874178772
0.34961536973997664
-0.6238847879538085
0.8129490013266667
0.45563245687966414
-0.2777215237976709
0.35736384045304126
-0.07712229958935368
-0.8394252744118706
0.7449620432485178
0.07703809415919172
0.18632484852340325
0.9547137403629913
-0.16151292890978985
0.6811200631132701
0.4313507063024131
0.337253912083082
-0.47413476980325475
0.24372383506967799
0.8918841122373182
0.47475873855866335
-0.2866557474715734
0.6277085796719666
0.6155427522257557
0.9165733087682189
0.16624104631257408
-0.5447447687912639
-0.07349891389040897
-0.9868628667985537
-0.8123194046081004
0.8220141245310137
0.5032817248747652
-0.8946361969576739
0.1899989014939809
-0.039305710640550995
0.719236700742951
0.7817788147967206
-0.1572913504614426
-0.5552683289194047
-0.7061251126054742
-0.45887602560438334
0.7875674289555525
0.7199396554483946
0.016082984609474327
0.051650542753578055
0.5304282609778348
0.7618098574861192
0.3256785799866524
-0.13565917401272243
0.05119426046354736
-0.5216027390353184
0.8776228731490359
-0.08418823238179596
0.9173370934940281
-0.8865102048146849
-0.13638628496769245
-0.5523288187644086
0.24308329702794773
0.35202720773226126
0.8286672887548323
-0.9273880325563255
0.7055094673764593
-0.9104994141858385
-0.004309725345729598
0.633545743554178
0.010430807289406374
0.8993289357351875
0.698932554281231
0.2305923346200267
0.6951060433125447
-0.8830252129205041
0.427602953206605
-0.6682413705188095
0.9614239880683977
-0.8431725884004992
0.1938200180668761
0.23665364366009523
0.3523764101132829
0.1876460026631528
0.46446072047982434
0.3286047160617176
0.5162634832272566
-0.38537700662098184
0.7343610574164341
0.5290535982009663
-0.9527824337367485
-0.04910859545818891
0.9687125822205469
-0.8408726405895115
-0.552726817611972
-0.39143305071051815
0.6053894726443623
-0.9832043781730055
0.6243502794588192
0.8991810796853283
0.58333223924774
0.8940389296232611
-0.977840861616482
0.10562565856738293
-0.048996351137462923
0.9869717800266269
-0.527823611367525
-0.1275023795346415
-0.9906761825435848
0.6928765848535365
-0.8355193581375953
-0.6410043043846756
-0.3436181761815247
-0.8583777103727055
0.7533791667374261
0.608287597417283
0.6266117127175781
-0.5250437487363766
-0.4546045143591022
0.40953254248818216
0.6550119001928263
-0.6343259801014429
-0.03867062334330851
-0.4364923070626734
0.24737646964555848
0.5596865611144426
0.020742323111354377
-0.08994497342620034
0.7003990363547412
-0.672479066593922
-0.5336406677740555
-0.26467156904109146
-0.7091006640898299
-0.37219417998877713
-0.6724776231822445
0.24908854144685488
0.14131321394301977
-0.4861918295479579
0.2159677904494206
-0.29294280659466554
-0.8310213521387948
0.8551043665170874
-0.546156941218253
-0.5493910459654525
0.7396393159170633
0.7999831573182634
-0.7469819683983709
-0.3541560796011227
-0.8290206072583108
0.5701947544017505
-0.4036139879911158
-0.17364984823539031
0.06989243498617426
-0.8418245429512383
0.21599155096283318
0.47873102111057464
0.6375793863794639
0.28789216544080687
0.11946188143904979
0.8572374755609997
0.5394602159043365
0.6039685194706337
0.4853596741775539
0.9736110859458948
-0.2877257688026109
-0.5302321742404579
-0.5702849758747432
0.2805098582473313
0.568636069126103
-0.016374608083295383
-0.8598636008474272
-0.04834626676450249
-0.5402965943530338
0.8634376697239732
-0.8194605612753163
-0.14090745830563578
-0.030495998671717928
-0.29666906359881806
0.38867386751285493
-0.6422348337749213
0.6398602310509558
-0.22785102033043736
-0.2797303245708793
0.8097836542076104
0.06273921321743359
-0.9979865657243441
-0.36223636557858385
0.41564220566720644
0.9272483202795392
-0.8937727098262009
0.19820834914537588
0.3668165065902178
-0.42861429813381635
0.8693073641574536
-0.13589359361974096
-0.4060162967431207
0.8640463154724354
0.567946091447995
0.24255316768663904
-0.5426394543495205
-0.16932553334459177
0.21022081530297432
0.452211910801122
-0.3895787050711903
-0.663655363181386
0.8213819632811985
0.62428585774457
-0.034476863486486486
-0.6470564290335452
-0.64193096090405
-0.8372075538683277
-0.8002669301895808
-0.13748474015552237
-0.001182400394235339
0.8210855278740756
0.5614149187913695
0.2867239120201899
-0.46276271210112174
0.39571185083169635
-0.1270987355176425
-0.5172217418766936
0.39525510179774526
-0.10467101462900108
0.5718410122792306
-0.1909479148825044
-0.6226646470916029
-0.5884475285905584
0.3935776924509866
0.5390270974323228
-0.29739792471255555
-0.399759826254348
-0.13081898905293432
-0.009926565281219046
0.08030598168737679
0.6758631940160063
0.1985185102229592
0.13397503246217557
-0.36490671987766654
-0.8717478433567516
-0.7449804806462397
0.16899749818099563
-0.657949951049505
0.9901503300463896
-0.5114485214566338
0.5586854712737128
-0.7024900322736827
-0.5843572728705986
0.3150904831774606
0.38046906870016506
0.6301309145958063
0.5736742563323272
0.21663799073984102
0.4775484052871015
-0.8522404796129064
-0.5824924698722616
0.2220973213089037
0.8704157272722646
0.9191199931928893
-0.23988572907222405
0.6995919687516479
-0.8402340362867424
-0.09462192294143446
-0.7328675823222695
-0.537028291129884
-0.7595633353553015
0.4851470865071703
-0.5268359564684695
-0.9199810432314142
0.5464090262998751
-0.7424813422980823
-0.26617246100820235
0.9671332123203464
-0.7402071168880195
0.8612165346955258
0.14512019605364546
-0.6349630084819036
0.44210755097066157
-0.2860134392185154
-0.10671390802615632
-0.387687686912767
-0.11593662438953145
-0.445146919520524
0.2425267052945257
0.2683425046195991
0.6204373697939383
-0.5371141872622791
-0.5754700151414596
-0.4155003383649991
-0.48047180847039117
0.6296390532740328
0.06293729071433285
-0.41781646360098157
0.13206582673714506
0.5784380715243755
0.44750466408126344
-0.43141633372598776
-0.9276580116832549
0.7522057990030353
0.9668586729766648
-0.6941978990277857
0.6047183996958037
-0.5674631757409772
0.31538599778792964
0.24623888609444222
-0.17844029155015018
0.8062415139220027
0.7089366129244137
-0.743090453387796
0.8240294700150192
0.6615998158936545
-0.724338186178654
-0.9223717587007703
0.6550776381285215
-0.3249216365241454
0.03244822761937094
-0.6072438597387202
0.3843390392653694
0.5402814313673969
-0.5859500763891259
-0.15651901122156286
-0.29244802100407585
-0.7055789405863118
0.19116167353962
-0.4326420397563122
0.6984986309970649
0.11360801285154132
-0.20468421785501456
0.924109193078104
-0.06064289854275118
0.5767797612868009
-0.43737257627682014
-0.048556377559003217
0.1557479835191351
0.9390988925313968
-0.7849478332035227
0.7919252217510155
0.6956468179014295
0.309169311639375
0.016961767015946316
-0.15831680617107446
0.7167261141542309
0.7904346473201942
0.4764829969997988
-0.30597728787958745
-0.21541964734662944
-0.3743623438831454
0.20518680091587593
-0.9142382558680509
-0.26532189230394154
-0.8257637350796163
0.6063543481025118
-0.998616625468719
-0.8862239361586404
-0.843813901448641
-0.5688121111018316
0.8498602918258056
-0.708078924590416
-0.9884831382619952
-0.07602538252243529
0.20127257085857697
-0.5759449440570825
0.4536432140690405
0.27135233217275134
0.9551062823198391
-0.15936878155368905
-0.6646311476960693
-0.6225331186827581
0.009385541608701864
0.15953733586240615
-0.19994413995972282
0.6059508675087488
-0.4904434815379257
-0.5629850795258715
0.3564489706668841
0.06129538529430367
0.5783074140986759
