-0.04712266980787838
0.18225183101108255
-0.008780543632190385
0.8875347161655971
0.09878029816866474
0.49410620318308096
0.8213720914279108
0.050395365011876025
-0.46196652754653966
0.1112677215736193
0.7208140976041508
-0.7996650984703155
0.345845705936485
0.6386382013609486
-0.6218905814772737
0.9611154533317112
0.38573898172059207
-0.2655081547785185
-0.3626842437619331
-0.26565225711354334
0.09311228722522169
0.6839358750204263
-0.8544135423541175
-0.06707430235992407
0.9538151728462512
-0.8280266076493288
0.9404406035096997
0.43142795954036317
0.19878756735561143
-0.12658322232117758
-0.055951632535777174
-0.7889140755000876
0.019025895451623587
-0.28677159799575813
0.1463301501806984
-0.3055032410119636
-0.04916030869278876
-0.05030656074494089
0.6356227444157048
-0.1546621647642925
-0.010435791065834366
-0.40584209300515406
-0.42488270659549565
0.7509166157071729
-0.5394004179992664
0.10489250549970808
-0.2747717927183062
-0.8895305930921937
0.7098486404426321
-0.22102830453086253
-0.823495089642273
-0.18030114630905114
-0.7286706695553107
-0.1851146614330681
0.584651183696264
0.6721192204382145
-0.6720586356487392
0.6299284041507205
-0.611330117080408
-0.9096429628444374
-0.9979315701533178
0.6902417960681255
0.2451050234011516
0.7556315633723938
0.2959013346690609
0.8477065402508426
-0.7741954489326563
0.02121816802011134
-0.6529286492134163
0.9767207313392896
-0.7964177375521986
0.0757768278977935
0.07338385954996274
0.5652172813939818
-0.7103915058242578
0.9650042922550368
0.2511481142554137
0.8381085895352263
0.18831393963773801
-0.21485202290218086
-0.39519968010797113
0.9776721753325606
-0.0999568703731386
-0.370502607133135
0.5812207785118724
-0.9457805216301829
0.3286474301526334
0.19904654207953132
0.1403497149065811
-0.6082814889522636
-0.9593388512501848
-0.6189003797274926
-0.8855918626897255
0.26686866926075403
-0.325344002689276
-0.4453298104475194
0.47123473826764206
-0.9235456345765927
-0.6861758115325489
0.8991015441157502
-0.837048558856289
0.40663238615734953
-0.48820789145376153
0.5624150095725877
0.1493750362980255
-0.20086403702006583
-0.39887988208029435
-0.8115291501917652
-0.34370663544962365
0.4332061507341778
0.4158973738217806
-0.9928962267330723
-0.23806996112191303
-0.5716097083721281
-0.37570658705352855
0.45897429795800315
6.225989932144849E-4
-0.9778257418928924
0.4938812568784543
-0.8430456615665474
-0.16905632819323846
-0.5122554758565545
0.10200057884495206
-0.12155521117737655
0.5361970543200452
-0.6689971247280975
0.7553813728301968
-0.761900979302164
0.40842392244618897
0.04228594828528509
-0.3022967252795099
-0.29199315831170725
0.9127577353899321
-0.5229307380838601
-0.9392824923940575
0.7324688846040559
-0.06283080514947925
-0.198736357670235
0.4540117405957793
-0.17292765378690889
-0.7966540658537462
0.8605397995197186
0.5904524856704667
-0.24314573594078137
0.4476545901229838
-0.1805542967474032
-0.09120931114087938
-0.8440807153118248
-0.9231637045394443
0.9649088366563909
-0.7181284702107822
-0.7190451444383692
0.6612897054750868
-0.3199566909624989
0.5883406337456689
0.9836662210282412
0.8494981437079014
-0.23198862086170657
-0.8223065670169221
-0.557768516605833
-0.9296382715180227
-0.45798515880567914
0.07296680553116452
-0.2905455343164993
0.7358976134966442
-0.6036779945550574
-0.8676746198465417
-0.2846278797472821
-0.43502519093977643
-0.06543738443389557
-0.6697517791992524
-0.9953490045934354
-0.8805467751669236
-0.8446479026944844
0.8209744265992835
-0.8058153351768813
0.6772997687840951
-0.3183659084981485
-0.4886804229870114
-0.0961157394161063
-0.8370427475712217
0.5689584960327805
0.49692784343530105
-0.25627104453178595
0.013445293979388095
0.8392408078290261
-0.09452188941194084
-0.16727444326613794
-0.4206248132955759
-0.43962431062134355
-0.557685124802727
-0.719499523165023
-0.05673599834138798
0.02840704981298181
0.2484285784784972
0.07982843560779496
-0.11676369324988789
-0.5922160012401636
0.557662581579484
0.9384786706770136
-0.8815946556995431
0.046560824985147464
-0.9205221979030878
-0.2786615400329988
0.9429274690808866
0.6072267507919651
-0.9644421235435516
0.3788513987315334
0.8889285786245784
0.14017997159098528
0.3429925743090183
0.5053861201988692
0.15420264070919876
0.27568811321926256
-0.43627122113904626
0.0012293183123084361
0.18878703420772225
-0.1784946334080375
0.9294322938605322
-0.2955247384514741
-0.9447790788770984
0.22714501131175568
-0.9971431152377981
-0.6858384752573903
0.9604977564584174
-0.38786592812629306
0.35126942759175095
0.4435794676001046
-0.2965749398501105
-0.6455952696887932
-0.015565970387303896
-0.7772343300533293
0.6893075660811581
0.5963052349607756
0.2491103121977556
-0.4882411171054346
0.6345738570479058
0.4495417541083506
-0.6260249239981692
0.49128482029450504
-0.8828309119933335
-0.8333097731154593
-0.07667154288509814
-0.8348898561644649
-0.2757602823562697
0.09574501359885423
0.04490001990225312
-0.8616164373359456
0.7068387902969562
-0.15449934693151368
0.58652305400664
-0.07113808432872593
-0.2279149620176657
0.76338931841803
0.9083972157364968
0.022995785728259666
0.926409408810051
-0.4362737585819385
-0.4678846240300356
-0.09357187644105647
-0.87077084675379
0.7431426968446775
0.6445806902325442
0.3785369285530993
0.9245895282899785
-0.718685380747188
-0.08560480920974967
0.6032319864468956
0.18901867103927716
0.048922448998611534
-0.91974610336122
-0.44670730861948726
-0.3329570212110404
-0.6688932434938781
0.33532994587158615
-0.22688704331768106
-0.9384861930359183
0.9235121596628895
0.6585924769356377
-0.2852027161956856
-0.8959000908834243
-0.6306610009544824
0.9334489236761605
0.295129182341644
0.25200245380192077
0.07965258016342625
0.9460583687132447
0.7760132499165002
0.44015268796115437
0.31552551424234765
-0.829884382961867
0.5885678783130988
0.6638560178349264
0.3094186107358474
-0.37814219054879494
-0.6988743076876898
0.07504877750022332
0.16453301141695054
-0.9915002665759922
0.573976267832309
-0.2539624831766405
-0.4053053777399842
-0.10474402279882433
-0.3512369909627413
0.28779320860462465
0.05366008407316181
-0.31943778838461334
-0.31197423637760635
-0.8944235052822096
0.3515612875652385
0.7960603286700583
0.11045724848655558
0.23287314517985047
-0.5324656670507031
0.7373654198453417
-0.039978858631385616
-0.5946785586654879
-0.05859415173779947
-0.7164142239641853
-0.6978441165842548
-0.6804830269659032
-0.03636096434582292
0.5780207714748729
-0.34213168654781057
0.8672834525099964
0.08156855517096129
-0.38058684745388405
0.5665980345671817
-0.4557995544799207
-0.698717463183506
0.1525870448277813
-0.488687916855703
0.20188326437537651
-0.7116622105536525
-0.050745012599651584
0.6443674368094847
-0.15328751474712043
0.3568220500102737
0.034230913113522554
0.020257323272109495
-0.716586137552838
0.9851060809294319
0.5392393098082846
-0.6285653730483658
0.060093040040416934
-0.2920446416908773
-0.4440371332517554
0.8559852724822639
-0.6079684408656101
0.4085002609833335
0.6119257262433606
-0.338999279365352
0.5247552794044299
-0.7301080889830802
-0.7927390570255923
-0.13692168139219363
-0.6574122447404178
-0.05470288302415782
-0.772635106884777
-0.4725441315898844
-0.06289462080525321
0.8662168183287986
-0.014105642695580345
-0.33013517184643226
0.32061432389719235
-0.9670618716061938
0.15451454109471485
0.41026420706556466
0.5029712419015777
0.11725934577821162
-0.0997398479567333
0.41519719769090746
0.7457744297955633
-0.7435446776959576
-0.8216753812713962
0.5555878151606466
-0.033846257104684696
0.5287787396716674
0.3175448521074391
-0.4006244644570258
0.9830920058081398
-0.22537961726692712
0.787803802606388
0.7134629044444354
0.582412461146181
-0.8362195990227528
-0.6469761291338962
0.5670289425573642
0.22227171450111927
0.7081303778837889
-0.3096201625916468
-0.09165988463211172
-0.3908017223408471
-0.21972608733485766
-0.00418900105146669
-0.3702321118679095
0.3454226014621231
0.6226417778253557
-0.9021334955598184
-0.45919873080674267
0.3814457389496635
-0.182213808713938
-0.8336291769481337
0.33641897973949075
0.10349731318055522
0.7394657540454244
0.2293492498496128
0.5782658903271329
-0.4562624759079785
0.11544223636123152
0.4011060947688294
-0.10134433318252656
-0.5782404057140875
-0.9932628661444587
-0.023697326538193675
-0.9075009383826316
0.5091533017184371
0.7444251837478997
-0.6406669098154139
-0.7201630925703744
0.15459284598554413
-0.3361307887227196
0.17525168591149076
-0.09826635688149898
-0.2848842225634005
0.8376294031527827
-0.1520433624643598
0.954866042162557
0.1099619091451629
0.4321077857777844
0.4332889836655851
0.5752195048506852
0.7465462925494963
0.7993179138236872
0.5591585540345314
0.848883080853742
-0.33615954847775065
-0.036004367895553724
0.9517619460153997
0.5580115672603789
-0.1033575085766425
-0.22240230532103578
-0.7835893225850681
-0.537397815317765
0.7849169719618461
0.6845609961048291
0.29344042644036716
0.6738101194716593
-0.7644094176998131
-0.2174756433798648
-0.675874109425822
-0.3078927041042203
0.7898915477451367
0.6570423777640026
-0.46152117445552343
0.7636647471004139
-0.24247539540736218
0.3326496787815336
-0.7837406767543615
-0.6490816615433801
-0.350324243244978
0.6059613933048937
0.7744845885196128
-0.2816441983437188
-0.3239547576411441
0.012823729782044824
-0.40082801831145143
0.9021401819203121
0.16680866060831234
0.7303573931941354
0.3660055159591742
0.6622643707755558
-0.5613890006736055
-0.17393571402875474
0.2840701079147978
-0.5914925078155764
0.8444007290757791
0.43999525536998685
-0.05125135807621972
0.5465446366064486
-0.4698866040056777
-0.27769340606163206
-0.695668240518921
0.20813708027612798
-0.23308091632199335
0.6473594791918453
0.593842874367347
-0.09059007568337485
-0.36405026566047805
0.18684507168930664
0.11303359844150296
0.3238013645539022
0.3131257768655147
0.748247057410363
0.08745843494740413
-0.9386538954730064
0.23490534397603824
-0.7287200191410759
-0.9440092337029231
0.11353424456795502
0.02148172471187082
0.9237711936752495
-0.2289051984103896
-0.5469363632594935
0.19215764829942494
-0.050218396862965475
-0.18437840325922727
0.17038307646039041
0.4283293655339313
0.8965888346180881
-0.11214949624526804
-0.5159981569358605
0.4227149628427407
-0.8165156874746105
0.020950117540387003
0.9791179736439359
0.1991658428040648
0.7741643373469911
0.879986488679193
0.5091972506357758
0.19560246868427655
0.5758227934819795
-0.2809412360898267
-0.6622877134469896
0.3733195612510807
0.11188163044281052
0.5830962744270205
-0.697671257312027
-0.8508923974185882
-0.998376592482414
-0.0966961774202224
0.05140558951408747
-0.9576573553283878
-0.1711822593633061
-0.23780516845829425
-0.26724818140366424
0.5873974705834493
0.09276285399277051
-0.20639401579203098
-0.09283737380221901
-0.717568287784998
0.10898976013664097
0.9350389471998086
0.9143348071526018
0.1288211079431194
-0.03679333425576403
0.06412877666943739
-0.5636603241899434
0.6611893377506712
-0.07911209673457131
-0.072008375397562
-0.4160906516886753
0.2762085513296688
-0.9437598825775779
-0.2863431752715211
0.4733720150024143
-0.860961048192278
0.2881074277321418
0.10974274996578726
0.9671473767026497
-0.0205205581449055
0.4967039828611457
0.7739872897731257
0.018294071768896192
0.6856055953992386
-0.05610839273632373
-0.2518010178217829
0.8896775331076805
0.7608739742826307
-0.16895217633073134
-0.44835399701013534
-0.5890949030564216
0.43137479348272323
0.5023980093778104
-0.5641452154393234
0.39125360971795775
-0.5268817894255311
-0.46198712716381984
-0.40175816063240166
0.324392977746522
-0.32505746148558856
0.7795015018205924
-0.9710424313008859
0.60078659936988
0.2608363794327262
0.19275768727939413
0.1047707714051882
-0.4137715919557663
-0.4338316610754793
0.3959454814904164
0.04577933172166815
0.130054101965003
0.7955231485661192
0.6672383500039858
-0.08481719281547617
-0.665857796314618
0.785544218663051
-0.7043458615760716
-0.03069294336528583
-0.25610126722715054
0.35438740355158793
0.24965608287778118
-0.1454756009271294
-0.48500209692798246
-0.9599078856184935
0.3120187536834129
-0.6003352511711246
-0.4352717125506327
-0.18661883922673472
0.06578516827911685
0.5669680525014817
0.23437290326303795
0.6961017666386169
0.4149699943546141
-0.49842075574137734
0.5691301876361794
0.12472495459293453
-0.3150075538031687
-0.44095745935190545
-0.0353407564099768
-0.6309776585430311
0.7716484147331018
-0.30779738229691
0.6344127682586664
0.349243519949469
-0.7062373887573441
-0.3566244114192574
0.11949819605301615
0.7908196551012101
0.25348681073934554
0.014603520326823327
-0.10711432293171397
0.8138227082100442
0.3195402334289583
-0.5217381484547772
-0.997639942401565
-0.22488834274055303
-0.47748439153950906
-0.85776024659255
0.6516921114599428
-0.5356981998026777
-0.11229809239186328
-0.6016314573080348
0.6370817687270927
-0.3996050455306652
-0.6702952896584216
-0.5402748921964378
-0.36399467297741506
-0.015887741476470874
0.9944707518276465
0.23189125180258152
0.4881753777610742
0.6316743584182254
-0.8418460813026445
-0.8347976263015537
0.813401889534104
0.7489763231964031
0.7785858399330923
-0.7005274959730614
0.5787193046652013
-0.49919138651209893
0.8439442722826584
-0.16036452431284953
-0.442775790833162
0.1879777592266365
-0.2254611070185104
0.2901954660805792
-0.9863548891725573
0.6658841242604872
0.3074634437726327
0.42833298046922774
-0.5932553352980152
0.6213169234054083
-0.46980899148777033
0.2099654532214652
-0.5837676305560653
0.6699297032456226
-0.9719831664638074
-0.919984529721352
-0.8180557113471001
-0.8549369002684355
0.47158173733669195
-0.902408608863873
0.2856240299885864
-0.08071558713478155
-0.6054624775448467
0.7887396104585036
0.7107179187642305
0.633216374965168
0.39774282495803304
0.7038802585832225
0.7831747075001554
-0.698068373735987
0.5652074195270103
-0.7160091172286351
-0.07368113870732973
0.42739145244401455
0.4883297170436476
0.8290566202211049
-0.04455542671116075
-0.5338890213490963
-0.031198231374002683
0.11425782775406468
0.5928550460420907
0.7844362865874444
0.20688262452118678
0.5138196645197983
0.9016511138824881
-0.9204785619526117
0.08057022932891278
0.36940049786466833
0.41664961425070257
-0.34770252571195437
0.9825300838078521
-0.220649264647516
-0.10660831186577258
0.8894274502701629
0.605465966023442
0.9871248471433234
-0.1987216783656396
0.8444455091330032
-0.947052521703891
0.111583518847161
0.9544487469802452
0.9039811039021435
0.7015365115484344
0.08887663830324999
0.004095967526761557
-0.8168281206408323
0.35138284565792666
0.38504908433204066
0.9084907500776565
0.5150726724103105
0.37628785448502056
0.290466369456152
-0.04793518643405981
0.6820708919661815
0.8205625712011395
-0.5783909414575747
0.40248107594487914
-0.11697840000386384
0.6888349054004212
-0.5672616605476895
-0.5253028120333514
0.33801854661844666
0.036289455752811284
0.8793887295912794
0.9136073786891452
-0.5965786834828866
0.8906502232970079
0.6775960543942174
-0.7880753721195877
0.6029608798242705
0.5235458030066782
0.6672229873422175
0.24754406047260935
0.5764494563268254
-0.8622755891117955
0.4146967813796263
-0.0452932755416664
0.10582432654039486
-0.35208626831250944
-0.42007267117921554
-0.4641398511110899
0.0989565534476946
-0.0930502827729136
0.9241271689108128
0.6761913823684989
0.6948610710332062
-0.5348746574318295
0.3497067011923074
-0.7596147963018429
-0.5003543329076432
-0.25046017582441005
-0.7596266490264667
-0.9887606843436478
-0.6292591238376084
0.41155546723324354
0.8090143364363895
0.1723457060049769
-0.8623448692207125
-0.4857013781611108
0.16289696248415297
0.44212566889162863
0.18070294406362075
-0.7815308631138576
-0.6398264262362632
0.034084658635718634
-0.11514274841233907
-0.3264504065528153
-0.14136953179272638
0.9482303784961539
-0.35592044928424094
-0.06716360621428419
-0.5529254592166688
0.4911763292588056
0.31218531670983785
-0.11546077424292767
-0.9982964244309647
0.3775307741437086
-0.22049551417144397
-0.5724726862335638
0.224258912983057
0.28274932694033783
-0.299698728089534
0.4191262889721523
0.8957141781719093
0.29770799042278395
-0.6958815869346646
-0.7163011657524834
-0.8812955711833008
0.37783007778937794
-0.3050829600017988
-0.4054299106693384
0.52385513850016
0.5846807035545873
0.07508374990296174
0.4281870459469763
0.47962248426854615
-0.3144809291788391
-0.07291873722625697
-0.16177059575066077
0.97221025231366
-0.4936226091719067
0.343721822893543
-0.591283412590653
-0.9884192922940631
0.32681323609368507
-0.5812552227130994
-0.48101454350894923
0.17153179100400884
0.5595610894804965
0.8925845251011084
-0.31026025741938645
-0.8137366230450129
-0.024114440352779543
0.09391641615129065
0.1782008607627954
-0.5971882127810964
-0.18248210261165254
0.6257727397394048
-0.14828146543202303
0.3281817433226062
-0.721364330168774
-0.7842773337332019
-0.7069730097592104
-0.4880401078376173
0.04642240253618124
0.6828148743711422
-0.9233391786062157
-0.43035259237789725
0.8563235575306516
0.06968279059956095
-0.7951270667743668
-0.7210998662103301
0.3481924310173323
0.6464170693402509
0.8027247448636543
-0.6296791721733459
0.9020982128240043
0.7135123066196833
-0.6541523619419392
0.8863989721705623
0.5876455405745289
0.9143980522684567
-0.06929795338016942
0.796647224239422
0.8782349648117231
-0.8862324563664752
-0.6040114195889417
-0.0660623184053355
0.36176954512682546
-0.19387888874143622
-0.5348051739827959
0.2564929601823953
-0.6781071845910784
-0.5103568853716758
-0.4959114042076702
-0.058059214859838226
0.7689201678427244
0.4737356966997577
0.9732962687942004
-0.11570544021538942
0.267205002498079
-0.8157645728026399
0.2049344050879931
-0.2083263244124398
-0.264242294125306
-0.8114590097931298
-0.2564107195739591
0.2720329491335123
-0.7084848289794927
-0.11641520067969391
-0.8342317177336069
-0.9538785386755269
0.15973543178590055
-0.9272160643122509
0.028274789928951938
0.7413453058875223
0.6935711208034723
-0.49619228985726926
0.39478610895084243
0.5971620966170768
0.624952464150552
-0.15279525837706331
0.25124260002039045
0.8520870589100953
-0.188510223699502
-0.43336701167421654
0.04448402493940917
0.5843454921676032
0.9491831320040938
0.6646414703832857
0.5648969815375282
-0.6573431448429938
0.9883043188616099
-0.6163463381748895
-0.5573337809740202
0.030592186874138783
-0.6801042108579249
-0.39999287399893113
-0.3614503056960281
-0.8026035755704639
0.19290761844936544
0.869606736850439
0.4839263225204544
-0.8598772150262224
0.27707341586830614
-0.1330491586809499
0.06119282606205778
0.036378203928787656
-0.19579696047212058
0.3049946117193121
-0.9855851842881413
-0.29606815620647686
-0.6993517659657698
-0.6684833495611204
0.24146420616649977
-0.47710670602627614
-0.4337238231045957
-0.13164120106783517
0.342705312003577
-0.4418820919716926
0.26036319451077294
0.39311143249211855
-0.8123825272676517
-0.016047914722473466
0.22239941575154032
0.2585204807460926
-0.49042797434363594
-0.45961720537476314
0.4858730844752297
-0.1969048300714491
-0.9496903755611568
0.9391098460227989
0.8356820224034458
0.22709846726636784
-0.5505097403117838
-0.10998810130075931
0.714896668241825
0.4913055990834043
0.8110185678157926
0.7329302796824642
-0.6958217589525895
-0.6583812305913239
0.676673873895655
-0.4633511519233571
-0.3227663329990562
-0.029169946508568856
0.9989028206618096
0.9663992375187602
0.07826596891971138
0.7995267580824799
0.6284607797839585
0.22317647060693502
-0.42754151706601107
0.3913368906338588
-0.18108380465458285
-0.07739913344972238
-0.4118916786596607
-0.38658407176661735
-0.701140158774394
-0.09198347732923962
-0.8008973299716369
-0.1887211295475184
-0.42601000483260676
-0.31803065450507706
0.3890106738446788
-0.012215746003937156
0.29507134522156253
0.39216111159986045
-0.0068601995046142505
0.7592810998343267
0.7640949365877487
0.12242811694972278
-0.4675138961256615
0.20763166185733484
0.9497935424161583
0.6162479475126119
0.7335840585633921
0.6550263733371571
-0.2550045949984816
-0.500270961841548
-0.8291593281672005
-0.14078882729717224
-0.37787217592845734
-0.42700789603883615
-0.826983923561627
-0.8400505038208734
0.3295088380120481
-0.19669501714542514
-0.09690768665672778
0.7032450789784683
0.8198953182745268
-0.7197134429957437
-0.6491523428712138
0.028054269129037523
0.21408220313602166
-0.4170533076960925
-0.1299650535728034
-0.979079667933173
-0.7238233772843916
0.7602844652237888
-0.15286180142767614
