0.2786116947935311
0.57739859996384
0.28069555711380945
-0.3994024504019327
-0.32093420335594347
0.4798788348988512
-0.436705607548985
0.6205456603533646
-0.3638064646788557
0.23286180854063265
0.7204597363430856
-0.09109777897072568
-0.9693491413929474
-0.249785990706354
-0.20802678356806692
-0.31833784165961654
-0.5209560077794817
0.9367874401939631
0.5717337287661619
-0.5011914430913973
-0.45885069979371984
0.8044498590464177
0.702807361011005
0.4467077773583237
0.6783328530177333
-0.46462529582629175
0.22011829222035795
0.284763187500368
0.9600571245945517
-0.8030024181191946
0.7847388862272993
-0.29688379244496943
-0.2873728579401009
-0.4740632025578302
-0.29274859440606193
-0.5426746115806222
-0.6859049043952783
0.2235662266710292
-0.47632890923068927
-0.9224055122680617
-0.8384927839960838
0.5438181809992324
-0.6340659606894958
0.09426026342891647
-0.5285575853631141
0.6041866434592051
0.6599702670636858
0.2778928296429968
-0.9779412143345514
0.8137898358310751
0.7878980071252495
0.26150066995996246
-0.7953722225420188
0.0877433565088479
0.26688982241816817
0.0939738446145233
0.8248036241835217
0.1049842200131772
-0.27422215851273557
0.7680394319310835
-0.02135999164963409
-0.23292173877986988
0.5014805003375884
0.5726434956511024
-0.9743689863489984
-0.7715671519581608
-0.969150910792492
0.2388149714221357
0.19082122155459924
0.39372790741583175
0.37954764216400383
0.279706940108269
0.6502926454628872
0.6162691228957937
0.22809584885514145
0.669652395519541
-0.9108957246906759
0.48135715223646103
-0.5737804639158022
-0.936289352676053
0.6680238162942138
-0.9783417160803176
0.8301700211276488
-0.8716771728404509
0.09515790056714568
0.4869514368917993
0.5536880171730629
-0.7646655817746288
-0.9291473038136544
-0.12148213900980886
0.9918043634605402
-0.2342164621720917
0.7590011951836058
-0.14116945498684408
-0.9823151560245686
0.5764952128441065
0.13516094278712742
-0.6399097850654392
-0.393757568930331
0.8016609705877755
-0.928349596277853
0.24054617135939482
0.8042556560448131
-0.9067747346335158
0.8420575127294816
0.6754306291680732
0.44524745098848206
-0.35196038637436455
0.36236085086390024
0.6197256072780497
0.29839448659863965
-0.0736129069933571
-0.06687145813743145
-0.35712763139255155
-0.5557471314334819
-0.1643809338931932
-0.49297455645208754
0.7109241249943348
-0.4138990523671431
-0.665711719339156
-0.4218742139299727
-0.9204676950627873
0.7342169259158648
-0.09369835441730734
-0.3257067792217465
-0.638450813306769
0.2414228679403727
-0.8387424103521903
0.13115591324412534
0.04591859879177673
-0.47825597332695025
0.9362731022587709
-0.6640295459916126
-0.7300822657358916
0.9500467546959397
-0.29375393774470826
0.9519334212724018
0.48470393362214925
0.4190348740340415
-0.1463605400822625
-0.23173432402448002
-0.1954896437746816
0.8209987547438531
-0.5944853147012177
0.7686592192858908
0.29272580671119575
0.3252286281681622
0.21468119280112852
-0.22955720507580346
0.21348378141331414
0.7380179945127241
0.24347143504638935
-0.4409118612361742
0.3652771783912663
-0.5393013025604461
0.6027889354355673
0.8274433591674835
0.013505123424699894
-0.3978340269284921
0.3057206227214502
0.42634709881953103
-0.3482504637289321
0.6558656330594181
-0.6858582292058084
0.4430412199541671
-0.15303062990074712
0.8172332166987919
-0.6116138142548215
0.4460667899310453
0.7616909453687066
-0.503911362710457
0.4941913848085713
-0.12990789699705707
0.596663795352059
0.8695066161597875
0.07777221645994459
-0.03861057999494766
-0.8396581586876497
0.42419902070988735
-0.6109855411749783
0.9644400104686861
-0.953059435874613
0.3534594150222472
-0.7855772539754875
0.30241492510166434
-0.5072893542328791
0.40223767001370136
0.8755956194451424
-0.6109562763390124
0.880460954448703
0.29492662945581993
-0.8443565357257701
0.4066481440051495
-0.9247480536514991
0.23395901247675988
-0.06489651874274016
-0.1051145674118148
0.299573465755248
-0.8766715212063216
0.7505480041850972
-0.6829907155376562
-0.9057900390692011
0.1496642389187708
-0.7667774063630743
-0.09477614632376441
0.06138779203095046
0.14450390694635096
0.4416907713801408
0.033970731616805416
0.5496890898378022
0.7549259583791459
-0.5283967838244639
0.12975500912506854
0.21560798692653171
-0.13428297273366496
0.40734967747391315
0.6983820943267725
0.48451503578337896
0.9447670910286803
0.6744922852581927
-0.5647577307074474
0.3341868143097453
0.024399032889421246
-0.8414795552308418
-0.4184538326340461
0.5369480119271011
0.8848564258590692
-0.9253932338070319
-0.30082097471619784
0.5218637322200956
0.6721879134129836
0.5046853493631496
0.8591086141660509
0.35631123479058346
0.6612829493172301
0.7623134835695964
0.8730457570487349
0.9966494722784527
0.16582835602439538
-0.6975809314444652
0.6453233775477807
0.9205970121611549
-0.299527838812095
-0.23782350986069667
0.9817245810435449
0.529318842950045
0.41649487229439996
0.9008937992606205
-0.7357433023948943
-0.7048875246608548
0.5608063199787374
0.7009355751554724
0.28563332588105883
0.5309757170910456
0.24909967938240674
-0.30165382079451875
0.23449217632311914
0.8712284430471366
-0.8024887768363138
0.7309775834144747
-0.6678578842824805
0.07775086360175609
0.22314925603705515
0.7235689673783674
0.9438990379373877
-0.3757072637994314
0.30237225430051806
-0.12663658422054236
-0.8771657435189819
-0.3383032822729444
0.7667103719821182
0.6564892555495765
0.4910267845744223
-0.5702283754268642
0.8198418404422436
-0.5555263807771997
0.12317471761350629
-0.043059430609014626
-0.02495035481846508
-0.7981036091533205
0.6696878448381176
-0.023319439356403793
-0.7588987842289909
0.730333991757397
-0.6588518316556164
0.39015938493762126
-0.07449193367642115
0.2303816345260088
0.5732916682015687
-0.682631626604248
0.7776386199731498
0.5726850192633044
-0.798570630570729
0.8044379949848512
0.8601735168378302
0.600552155777011
-0.20450797321812053
-0.40728438457778116
-0.9840933068265332
-0.9691437135421437
0.4416480730870611
0.005573968071334923
-0.9120863116395694
-0.9234175861185057
-0.29628978260185135
0.9718110423886515
-0.8453786103374725
0.7835098131262301
-0.24268860401836956
-0.5201089928886102
0.957331670002074
0.2551642609656717
0.7620970132750182
-0.6548320536108332
0.4262650381245996
0.43431326414547167
-0.5780543459314711
-0.9273762139932673
-0.24779283732282642
0.9159194296146396
0.3804954175420372
-0.18945706355836278
-0.19564372706862554
0.38560693971548354
0.6090206986588405
-0.08406350443650701
0.8609852739242716
0.7093364677440914
0.2659668741761294
0.49041982642675164
-0.4019517129826473
0.4441261648822319
0.6422189064333026
0.39563764353439423
-0.9281242518319917
-0.40370574982069796
0.7534435100780597
-0.27977876137931834
0.035619725326297313
0.8228419565865579
0.9006111326019768
-0.5543461303271544
0.34512513719567584
0.9532350383070156
0.09206898942438424
0.14630988277066992
0.4384188199784367
0.7029820492598473
0.6053028379250074
-0.04067526052644932
0.9140242740603564
-0.24295020160444003
-0.8362100867641549
-0.22715724038669038
-0.9131753161835268
-0.9797044404687096
0.21411190902821597
-0.39341858840317756
-0.9337864001128442
-0.23626272526613845
0.6107613436814949
0.49653993586045075
0.3797872426485889
0.6396228793296721
0.6508419042697076
0.8460718728081145
-0.5431513379089543
0.09490067557409554
-0.1518723738997083
-0.8315684283138267
0.3895092609105073
-0.4181659071544146
-0.9042882769494023
0.4212946072498356
0.30518897423275604
0.14614321470890546
-0.061257837234743207
0.7216440877805432
0.4128321049775763
-0.5328022102409335
0.5635056543434542
-0.8701964124079489
0.3261714086318217
0.2314258451272848
0.8063881309357999
-0.5957102360487994
0.620888177308287
-0.1607568619351265
0.996005353674523
-0.8454526063477095
0.7485324295503153
-0.12255063364678942
-0.23593773559630038
0.6565205818326898
0.40858260442335337
-0.46682235975662834
0.09526640793231489
0.7464041986416601
0.2710396973164324
0.18212360116118864
0.83388507688634
0.6708103205625164
0.545466351942542
0.752923063580214
0.624302661465185
0.5469758011565038
-0.6916026040950465
-0.8488146088608715
0.8351994825599125
-0.8254739392894468
0.7295635433984753
0.020831983283944533
-0.5982603931651813
0.34070287520648845
0.3783861272681279
-0.5729705968062708
0.7174200446967758
-0.5261473268129007
0.6457153497646908
0.6641475037105187
-0.2829995839803934
-0.4746359945492522
-0.018198587990380766
0.3238126769049292
-0.8858038064923293
0.29813217857311636
-0.8699971163095257
0.0022687304543163034
-0.6074133842106035
-0.9099790667473024
-0.17324819639216504
0.5828961746677033
-0.40454896679462315
0.48368055522014664
0.5418119273157469
0.8988840966786469
-0.7799840153321922
-0.6105270765481283
-0.2511194485268531
0.762686127172908
-0.40614117392923244
0.036144939545880383
-0.054898385265864214
-0.15696397458384403
0.9959801669419135
0.5042817982948731
-0.8209279862395769
0.6769366927295999
-0.5176766155145449
-0.38953729091188993
-0.7995604149468747
0.22317779441575114
0.8852843576180593
0.4754314573946268
0.5102063528900234
-0.20442221903702595
0.7790200563806349
0.9474863901208372
0.569366516880963
-0.04171294615806431
0.33713204552194176
-0.7973168231597128
0.21452435544861315
-0.9778710515572664
0.9565634307581905
-0.6936644027267862
0.932652098253218
-0.8499033601142503
-0.718683233889635
0.2956899251817
0.06316514946372709
0.7617634700957825
0.8318636722510855
-0.5684610514227271
0.22400505970660523
-0.07949320813350047
0.830883538268413
-0.33306798240910496
-0.7005606389219909
0.6940837770801158
-0.9867658670802537
-0.905970884562743
0.18079990565825677
-0.901759973168915
-0.7821772735790025
0.15553634754670798
-0.8826000379235779
-0.8353283949854275
0.38131167503650487
0.7450520584990212
0.013382837687607063
0.9188018404569478
-0.8116417279243762
-0.02895799091667195
-0.7027263069809375
0.6094750118168086
0.08035385807208462
0.32205451788315465
0.0945188939314614
-0.5981903643451352
-0.4156062635200928
-0.753825108324423
-0.6506849994915169
-0.07390532972899977
0.9964739318978784
0.7456113004986165
-0.7294562928397526
0.5697522579160668
0.33767739815610875
-0.5123067885644708
-0.9823542243244834
-0.7939677646724388
-0.8006228215296041
0.14645492788324876
-0.10421849658533078
-0.8277573568919685
0.6032501301182842
-0.7856328581614378
-0.5043575997211742
0.7419630869482607
0.324160512587103
-0.6383295461133347
-0.8082077181652372
-0.9201737601145035
0.2587375836563781
-0.42884547744538914
-0.7955661505618303
0.724095875969994
0.36973824323010285
-0.2608818800499957
0.033010736333732416
-0.988592481294053
-0.5039500286408172
0.2086355860852962
0.4860717762513276
0.5396816655389125
0.8904562488135861
0.7891454503039919
0.7603389805800504
-0.24064290449433123
-0.2679487406174439
0.21676860627689787
0.06293678925066404
-0.9102651279292551
-0.9425430238868184
-0.2773475765847231
0.1242562478878162
-0.4236376964337347
-0.43523922148724536
-0.5979701892588123
0.6149420118620523
0.03702860457392476
-0.4336418728592568
-0.5854287227009967
-0.04099259603856775
0.8880828922615456
0.001649525967273524
-0.30300085167028556
-0.6739028635556614
0.39942697882038414
-0.132192720170067
-0.16817572789680435
0.6894331907748552
-0.004324494221460862
-0.3134064732668784
0.9914551195831058
-0.248004432910657
-0.5973831885144707
0.6974748746624595
0.46482104208872865
-0.7279954687301988
-0.06775163281719032
-0.6479526838535412
0.17404078284161417
-0.14021331343114962
-0.9936987143565736
0.38204821543168377
-0.19844106508373693
-0.3283765295735459
-0.862690641014173
-0.7770007878410434
0.6735635627931922
-0.4078042925018688
0.017917918232902563
-0.1022108900114509
0.38338792566043445
0.4757531866991829
-0.8867303740608574
-0.400728516301714
0.28899140627899556
-0.1928452922756274
0.20794349538639767
0.15821724782358126
0.48150351836383987
0.7474395152603686
0.7280655186841001
-0.6572720372633929
-0.40279237098946297
0.9446055069690562
-0.6591514404429897
-0.49251780635034215
-0.06677067314076401
-0.281213091216834
-0.6720389513146914
-0.5040490601242351
-0.2724128678711595
0.27203868508723894
0.5357635033879682
-0.10401365284097142
0.17715237514346427
0.42645054704939933
-0.6754064610338386
-0.24104928937307535
0.7924563471609805
-0.9396700496842643
-0.12908050499010493
0.7148213159856178
-0.9738265502185519
-0.10929219576451454
-0.5796750161986695
0.05046956748987563
0.762499513798548
-0.4585627510976711
0.6459257383671408
-0.23441960522720695
-0.782465006719187
0.9396713365055407
0.13596157836710998
-0.11955688672858722
-0.9238261572314748
-4.796837736755766E-4
-0.7840530957938436
-0.657890655942108
0.2788888560143157
-0.7197938506016177
-0.19509626221056542
0.760181420904924
-0.22780438312185214
0.8470460160990911
-0.18815834581810864
-0.09924176362050141
-0.25053320203802043
-0.08288654101945547
-0.30221035226426296
-0.623167785143983
-0.5658394575365477
-0.9625589359532201
0.2603263172326187
0.29569681663850034
0.29541592373967984
-0.4778566662770145
-0.5583059747594585
-0.2413111771062686
-0.2636399086012917
0.6658556153743069
-0.9817750463964563
0.05585589079917819
-0.24163822172670257
-0.14560081560664861
0.39794553424230283
-0.8420944647518327
0.879856713762756
0.10959914990002573
0.43486910571038373
-0.31994315276534957
-0.3237387879206217
-0.1663035683518217
-0.8373757486006677
0.8771824493818219
0.7078803020693791
0.5598122980729454
-0.34329064960821287
-0.5731072364239196
0.3156081458427731
0.3684375394483883
-0.14619697100633244
-0.23301733908711753
0.78960859344264
-0.7040640043415658
-0.9117985996011879
-0.42407770560086244
0.7540541793394184
0.5395662059184565
0.3495938077640224
0.6198442514467988
-0.7386064520824025
-0.44545867141779305
0.8230287653622055
-0.36325992427081966
-0.9474934961575194
0.2421632723016367
0.1410627115755121
0.1883492633021282
0.7144970001949451
-0.6559180531431483
-0.040274609362043634
0.4824853632392929
0.05576641906569324
0.886246709497948
-0.035924680506001616
0.05331278243923121
-0.08160298791761833
0.05713224526792127
0.21575976273122377
-0.11564835825514974
0.8607698856019874
0.2583379895175675
-0.12586466377486283
0.06875382783949191
0.668728535875635
0.2316730258310744
-0.2458565026322408
0.4236598616418905
0.49149339901008116
0.14535799109787706
0.9282789952591337
0.6102111537424748
-0.4510799605706324
0.3129874373659365
-0.3633729834999857
-0.7419425114499913
0.819587197652418
-0.17758604294473446
0.13808747690812928
0.35296648255256713
0.8945890624209591
0.7677303228084802
-0.1824554892468122
-0.2815939632917861
0.2697987179080894
-0.9939588556417485
0.8578799885016102
0.8067370678284547
-0.2502410046926793
0.40173232419496085
0.0923707786972412
-0.7870802656795419
0.3492484131722582
0.37446046097561414
-0.7278499577534951
-0.6665991348737992
0.1039598269603188
0.23310209945662175
-0.08494730920689708
0.4151175592656038
-0.46037919443776376
0.25641583479422225
0.1463075631161943
0.8743159865918637
0.19927477995193654
0.7721888801267183
-0.5018227415485232
-0.7878488705442315
-0.4086672473687183
0.5901524745497992
-0.49521109966088916
-0.8862020296058422
-0.8036037797753222
-0.9400320656624703
-0.8899607502324236
-0.6099286133876132
-0.241257799658378
-0.24589985940565517
0.40059753876392024
0.30531619816638944
-0.011247523003717008
0.31641114930774794
-0.017329026879870035
0.5325958871916736
-0.9845409977335875
0.37082194469351815
0.4403381946195686
-0.5130271127599597
-0.5462312936854816
-0.4495942105637667
0.7448960824132063
0.10993992235089678
0.788821240184916
0.6857932586137034
0.2288064511972625
-0.6871732193992235
-0.06967610395289325
0.9827833312781353
-0.2055296321240807
-0.7657267342140244
-0.7474013590582296
0.6225715338141204
0.3971963060482766
0.2266238437621675
0.21146659437959747
-0.36597867278875174
0.5233722355647483
0.05836575643065545
0.7169863310195326
0.11592052421893828
-0.6210110971882532
-0.7955020591459245
0.8414522791701071
-0.07181948800702065
0.8103050199196649
-0.7060165298557102
0.15495116444530077
-0.17554898921422368
0.5975839699001542
0.7932036948128758
-0.9938359587371033
0.6646397910914139
0.694473161966549
0.8265988214889339
-0.59600728190881
0.8243407896886537
0.2297370156392411
0.6704438632205365
0.8059798716387503
0.20919169751988975
0.6446962005575916
0.902976096403038
0.0823823373788759
0.38569591852364127
-0.7911349015089109
0.4538541946389387
-0.7998513125598883
0.2560604345179187
-0.6620784487402782
-0.1318039004008491
0.7589416856980464
-0.5668834961040798
-0.36771755128108374
0.9852078734690464
0.41173756718508314
-0.9875943876514892
0.3611993497304997
0.9286811343708621
0.4154244040663997
-0.20797119872091718
0.23643017573263858
-0.1835976755337867
0.0822128219465601
-0.8431265461719668
-0.24881816079120433
0.9177838645259422
0.7405622896375412
-0.17765361103526178
0.10416090534007627
-0.8762094703552801
0.9647173877117667
0.42375874077142983
0.7852093123609958
0.5405022745087076
0.29483925685771006
-0.4589769040359071
0.26814205960221127
0.7774196436039873
0.4451069421810516
-0.8356607389322255
0.9380461748948188
0.07388244458574333
0.08505551805781386
0.8350601029528566
-0.625560616523406
-0.20826032904282998
0.6798073057270091
-0.26305404593682247
0.4183279639897528
0.9996731303961939
0.5877438316713832
0.8665293745805072
0.07034414782524556
-0.11565633430876954
0.6395558426971752
-0.9226695009351447
0.19878367871774127
0.5457932527931437
0.7605012532427298
-0.7288237554333863
-0.719494530941621
-0.6306964874597802
-0.151911277573215
0.3008937085561596
-0.04570558058410601
0.613175527318079
0.08029810330546705
0.2521639526551851
0.03543127929841483
0.1116620796486123
0.1048373670924505
-0.3116635737671116
0.8218517544117032
-0.9354513345617017
-0.8521727256287093
-0.8294781329350258
-0.9835803891469681
0.76964578770526
-0.019303920116302997
-0.0937042300899642
0.3964778094403396
-0.14827962148853868
0.896955725219631
-0.26613955517355525
0.4809830881317969
0.05115914478403405
-0.6240766389406511
0.8145296860080058
-0.12283011279310374
0.9579241083454666
0.9483412102222661
0.38491539380023365
-0.267170532013149
0.21112378705443802
-0.07076051348900769
-0.2887888791521609
-0.22306783622387827
-0.36820862740886295
0.14627670284112004
0.9914832990062679
-0.19954029399812145
-0.48377492038445813
-0.4328167114658201
-0.6321041367507505
-0.8890436993329667
0.8895129021556438
0.8178245328532094
-0.5606885994242121
-0.5115528205286171
0.9036283854828464
-0.01721049356445503
0.7057248719226998
-0.5229855418918927
-0.23824931760843038
0.7933032477839272
0.22950409887982426
-0.5345400232718307
0.5602273268245286
0.33265055564732826
-0.5355747237402382
-0.05787337716376251
0.2618633748949615
-0.27281049877530705
-0.3179917069989109
-0.44691126382835367
0.6489871150521553
0.9414243362972214
0.715671176937376
-0.8504354412965662
0.5520076638009488
0.7584974569755125
0.846740470829539
0.8795425854047765
0.9089448417286397
-0.6971491578797369
-0.4276325336352196
-0.43974443992685286
0.28367849514860133
-0.9503017647941034
-0.2760818811154322
-0.9377239338363572
0.3554294939741458
-0.8336600195777615
0.9454190619874221
-0.7573520562588372
0.5892496356165058
-0.7567579763148695
0.8951572525569951
-0.9163910453024717
0.8070644953035464
-0.0018065913152018886
-0.300452076889564
-0.8748992409916236
-0.29892175064236026
0.3747447395254153
-0.8331006051669687
-0.9765982708269765
0.4661146564076275
0.6065223663880714
-0.9402795620289024
0.12486082883212424
-0.3252646784336275
-0.7180969583193948
0.3277302065247363
0.31284932391696096
0.27874041131745564
-0.7810754092369399
-0.3802523439690364
-0.9323110092642228
0.1929242715005013
0.04819867067322825
0.6211518592727727
0.6734556985542703
0.30172198342331646
0.8019823397530623
-0.1953791520910204
0.812198039455658
-0.07334900079853246
-0.4795443077249
-0.9646276472762261
0.4052510124893671
-0.19778464159015563
0.9116440893557747
-0.8618550277656052
0.49296547680137204
0.4302069784787632
-0.5606874098103092
-0.9883259987414246
-0.8116848304164526
-0.6828964122527381
-0.13644707299687542
0.16743248713728254
0.2964829299586782
0.046528744709799286
0.22167208410698303
0.6729228760633157
-0.9383309682613195
-0.6014952217402956
-0.48761667101803274
-0.6041800186526254
-0.3159949692133919
-0.20050459507759277
-0.06580918810592506
-0.82621670943519
-0.2564034851032886
-0.7279999619091877
-0.5707506415461392
0.07577007752017217
0.4753602282855671
