-0.9077197630082172
0.16446669582170137
-0.07400967056324492
0.5203969947190588
-0.5299516026137658
-0.4953795854255405
0.7429994663746189
0.12795726609821423
-0.9180469853280204
0.33668666492938026
0.6722976856542375
-0.09735331118534818
0.5823007170593002
0.01615064232626695
-0.5094132823269342
0.592092414222424
0.7495793511292546
-0.896851404556505
0.8499918114939562
0.3965106821195077
-0.3201697106567962
-0.9253281626308667
-0.3231742136897586
0.05028112172289401
-0.4423100796536237
0.525038654364075
0.8043029074312842
0.3793686136021195
-0.43966302745922103
-0.4392501642270792
-0.362396670361119
0.07293447727551272
-0.4234641834838224
0.4259218968356264
-0.6921081174546566
0.5188076808443003
-0.8875810553369468
0.7870692045621852
0.9925989179919514
0.726314774044617
-0.9923958315724895
0.5610863475812948
0.8624726395156312
0.5962942350294531
0.3996966854372861
-0.31214238563013397
0.46161703369086227
-0.9030483077744849
-0.2478221354737873
0.8290011058727853
-0.7650684397182543
-0.7344627990224761
0.7001366217204426
-0.3831689371278906
0.3880722155340137
0.37965675855607084
0.9702517402215429
-0.21729857741572078
0.29825670226151124
-0.8716431685689356
-0.3041123888222719
-0.7385283653209527
-0.7100599737009587
0.16194904438409807
-0.9248825923547972
0.19891275165484368
-0.25241134377073293
0.010870762526645317
0.5089426716759988
0.681451457760218
0.25848637923109563
-0.9622952564976479
-0.8910701308050533
0.9627269182226657
-0.23829369409348633
-0.17719017832639916
-0.22206159890522903
-0.02098627748442028
-0.47491220325760675
-0.8171575858538664
0.9445679013548018
-0.9743578177618077
-0.81974027651126
0.8827762849312426
0.47140453970813434
0.609125243134673
0.016454705161697447
-0.9741427136754879
0.2591010073971918
-0.30521964527933143
0.26706220436425476
0.09225687119375214
-0.3672237758515826
-0.162788885569503
-0.7814291098980672
0.6460164635836698
0.7241751489764037
0.01109302858721617
-0.3702450879547816
-0.1587964273947582
-0.24751848078464178
-0.6477144883430193
-0.8303390966397932
-0.967972130969595
0.35862995091056593
0.47436958948062635
-0.6338442955669761
-0.9720061812473495
0.9624165530242152
-0.45670972571861856
0.9024987098312127
0.8339951372433314
-0.5113398296931408
0.87285944105404
-0.992394938904738
0.07658326777405922
-0.25187911353994763
-0.5535461837967901
0.15636923123783952
0.741471555219547
0.26083303654236545
0.4753209760282373
-0.6703781103295243
0.3336636905055703
0.3739656659490529
0.871483389199007
-0.32100393974119923
0.12042452382741287
0.15327498341217116
-0.6566898701889374
-0.39981889710218743
0.7286376761824089
-0.2833333012242256
-0.28559736886303755
-0.061252685218507796
-0.958075716336851
0.4303398120908084
0.021520079419227622
0.33592575928894575
-0.920776077781583
0.7024356705094543
-0.03515285738136242
0.5674322651099606
-0.664631727526245
0.9860704502129787
-0.6360142261417909
0.1366265381078835
-0.07449568496104364
0.04308094341370383
0.41563057493474376
-0.6459985361845864
0.7990543961079692
-0.47823241748397805
0.7539648736016442
-0.33179962689944587
-0.7247738080376442
0.4663717365479827
0.5823938984864383
0.10946251932083229
-0.7990845406737186
-0.4970230839812724
-0.5246917958193487
0.3646017159943675
-0.8568280105172721
0.13597705192939014
0.8411499024254097
-0.7766756825870762
-0.7977730791553725
-0.15879192794311847
0.49313158464654605
-0.08110223752867896
-0.7325914198354833
0.4562923278992981
0.29153587778628
-0.7681180043142495
-0.1628988720863911
-0.2543026103092094
0.4016024488417622
-0.8661587244523787
-0.11477070673685441
-0.04253357914026301
0.3535867583820118
0.21865519198720595
0.6805800308950956
0.6905269622529262
-0.2033472522865818
-0.7977475268261593
-0.04839951085154515
0.4559413153787808
0.6058412097998522
0.36729227420402943
-0.6618609586002637
-0.057587048489852855
0.8314313270869225
0.9875235106804552
-0.317074272651219
0.18581685090545186
-0.12740647808621341
-0.5127472702701776
-0.6105855334190942
0.5944752478889026
-0.7876919411044021
0.3745571887955512
0.8089398304260405
-0.9036467921799021
0.06810297568717072
-0.1674195631470825
0.4189672278521004
-0.4486990897097307
0.39324221992914743
0.26145274730729495
0.41554515334277076
0.010923783787475827
0.8055741804314431
-0.9659197204693719
0.26689498369892384
-0.5893858755045249
0.22632753020738883
0.26225137347575567
0.7614028820721372
-0.1572695866230549
-0.721279634781028
0.4652104850600196
0.13210573738170694
0.686865277601536
0.8263266579664652
-0.30894626607629094
-0.0489082245800172
-0.43740585693770595
0.4237217944125946
0.8620034888384407
-0.33893538293377334
-0.6779486340529803
0.9070072606372539
-0.10217803460408459
0.847646592664645
0.11413329104818648
0.8693927662248573
-0.4826726072004326
-0.34517280769936987
0.9290800806478188
0.34709235390201787
0.5261789546571436
0.10728887430335599
-0.028357742644512296
0.6833685745079756
-0.13019925278760391
0.5271712676957714
-0.28700912401228384
-0.7563624300526584
0.7635168511801151
-0.28083683212286115
0.5359824708857519
-0.5778741222136434
0.8076735419928003
-0.8533603018367997
0.5153445452197607
0.21064751585411057
-0.8462718951703645
-0.06711034747052014
0.06379886439132654
-0.5073515631220058
-0.49201418898825944
-0.8046930138681232
0.9270944153081375
-0.819256132251621
0.04287065926970279
0.9567476400786774
-0.6746260951787171
0.3335507561457429
0.13131788293916213
0.6770820709873988
0.9152514451257736
0.46769793319453035
-0.7719196302175582
-0.6906991980489763
0.6864319888243444
-0.5765276801183186
-0.8075568692353057
0.708359519811852
-0.09134406369398751
0.3476397363092876
-0.11995681480351084
-0.7927224880300514
0.8092062755825047
0.6245549737667329
0.9271972386330314
0.22383202140639202
-0.21183232067240287
-0.0832435674162193
0.30933901522426144
-0.1274813704367579
-0.33191912893536535
0.8688155617634628
0.47587541928039645
-0.26972350301720627
0.7265883616183886
0.48329265923519804
-0.3530296257512997
0.14080502559871744
-0.9248791319925525
0.6952266515062921
-0.7965295466794464
-0.2588736430229528
-0.676372878516097
-0.7483351616863183
0.009388333806533922
0.25537751813713805
0.4108020977306739
0.6453179800876803
0.9770642502654703
0.02464217266775348
0.9812230299426103
-0.4434975592826538
0.21832751880297763
-0.7720381071581985
-0.24474584392373955
0.025110603938329534
0.7206848637559429
0.2984939030000082
0.9645363528495552
0.4044284518585004
0.6457635886757498
0.6501109749790255
-0.88467178314826
-0.9588032725733231
-0.9320575493511691
-0.49643360604543885
-0.9060786825922018
0.5813916150002751
-0.7456948081369354
0.3376767704756387
0.9428026437246182
-0.18122258260686097
-0.567244742929981
-0.7101989028521543
-0.4868072728124404
-0.9166370238711985
-0.5966671039796783
-0.3087748652939606
-0.3609609982673052
0.30947110373857045
0.31847964262040396
-0.15311348523579227
-0.5205008949509229
0.12820899345575465
0.49119775289240875
-0.8447951013098414
0.2414002723631079
-0.40329535885127155
0.18575541955911135
0.712609676755998
-0.3798851578004885
-0.49344592185688274
-0.9962080444171455
0.6586848799503673
0.9867450505567494
-0.39349964638515544
0.6993797879943451
-0.3083187084766923
0.6014635708439164
-0.4705549769399273
0.039803993807004945
0.42047042458660155
0.9473084994107244
0.7314706431169997
0.6745220826792335
-0.4821528706712477
-0.3443142696010766
0.3306293069953712
-0.11702889240282954
0.0014123862771051598
0.4342841836622051
-0.6241664307707548
-0.45740841573705615
0.392097787920763
0.9100624106187079
-0.2187395685103446
0.6916408042969866
-0.013278842660459311
0.3644185263018307
-0.07073903388799718
-0.34292845063240773
-0.9702101682455351
-0.03539169250856178
0.7748425310308298
0.8759551184814407
-0.8189021023993555
-0.7150700618614012
0.17737245894720166
-0.7403688688040695
-0.6505096202222018
-0.3368541694477116
-0.8597733759845854
-0.7670311717031513
0.6994958593312435
-0.7479335640741946
-0.34331271099160365
0.42682853875543203
0.4363581182707956
0.5031735103956017
-0.05952894185664337
-0.5899848858578618
0.8363237006750668
0.25861280049217905
0.961846519659777
0.81771721071189
-0.08712755882335088
-0.37015935927584276
0.41537900938755623
-0.23336918804112705
-0.9040958522358318
-0.5943393118435873
0.5129186202610838
0.5426678602198256
-0.6502756052329521
0.8593408715844537
0.3255248580486807
0.20535339104571082
0.2669997340366188
-0.4860460759390237
-0.20939975968688218
-0.02628095408866571
0.8496805479351379
0.6770372394689257
0.9555827033678843
0.04170277724020788
-0.075781425382069
0.37012166054651074
0.5471252155243422
0.8167682462221557
0.43723359906903836
-0.3443685745601899
0.5347687657021885
-0.5163396847035708
-0.7608875741774797
0.30311131627830523
6.936926390712639E-4
-0.734083416025086
0.3868511537236441
-0.7613110330036374
0.3322108930316663
-0.2090429176695492
-0.5162203848923668
0.2861346497984101
0.5212348766437402
0.5602789846832203
-0.8773640971016325
0.3348336469738111
0.1850569059020224
-0.3155157515064342
-0.8902144465279571
-0.7405613999071747
0.8153147656511102
0.7635731688163223
-0.17779045489061862
0.667923634561937
0.7171352508914479
0.07613842690217276
0.7852128046843354
-0.13078564784455526
0.11800197474754892
0.08679885915664176
-0.6423676441393333
0.32852106691206817
0.005979532792577347
-0.31058658741686007
0.2726538256644391
0.3179560068184557
-0.6004956000887658
0.5743208568096267
-0.29382810490815636
-0.5280317426320185
0.9560296058368745
0.6410522508414238
-0.4690414538816856
0.5215825661506155
0.09438852688539434
-0.5263323498796812
0.4637325624919897
0.6083830979580118
0.13582259719278333
-0.44592933772029797
0.9235490523832699
-0.7313656694289596
-0.6388056999727927
0.10935824148058426
-0.4062410004808932
0.4298854861781949
-0.6630148427430171
0.2724656307663498
-0.08388548784070027
-0.4231420296771069
-0.6197417946173389
0.5810702122870846
0.0444253013341811
0.6203681036629625
-0.3871601221636012
0.7479205839128749
0.1464983815664891
-0.05750909448139119
0.697556723048776
-0.8935394661578078
0.36692320140226786
-0.40687675733723383
0.05443909499011346
-0.831179459776537
-0.750409698953016
-0.3224412045349536
0.12238272856768306
-0.6710471551874919
-0.03233873352464389
-0.39836109638297934
0.061837154983673814
0.9018890846114225
0.32003563052240747
-0.9695016638978682
0.18666746034996096
-0.5891975502825542
0.12718756435486434
0.16887623227077175
0.3684150902818366
0.31675990569525014
0.3955747472031541
-0.7145825473701575
-0.32623944163408525
-0.7682475240595228
0.41864866171239035
-0.7196591509287731
0.5760692757705723
0.06379554633065276
-0.15617531606858703
0.5353058461163205
-0.7755194026128931
0.5135933527063334
0.6585973100584377
0.286260541623905
-0.5409232842666589
0.8754657580645335
-0.9646842768073245
-0.6754917953206174
0.5282483964994038
-0.8090620084656852
-0.9770390530191573
0.9581823050782183
0.7944498579758108
-0.5384024403756829
-0.8144045200259105
0.855772754912149
0.10711628812906993
-0.1514747958599647
-0.5390158096935083
-0.35469976735323283
-0.023407025323582298
0.5688103587041009
0.7492124776568101
0.9571870916160334
-0.7994950720514011
0.5453643184410335
0.039957228790632016
-0.024172118121911446
-0.8259270681488609
-0.22555216517034893
-0.7516072813038144
-0.4956852189243217
-0.2415391263927098
0.84603258986543
0.35354306346995035
0.04872681260223555
-0.713683419275031
0.08531945082541381
0.919220375108418
-0.5071557561945959
-0.9487528157944751
0.3794389497643438
0.6265154287779171
0.5611039833957778
-0.5419523922003697
-0.08843597917754153
-0.9418633183371761
0.457062860658795
-0.09692061071076985
-0.25463435657623257
-0.35127895208685755
0.8165909392819717
-0.5907252062120492
0.48594803841774836
0.4515680822925272
-0.5705310443796032
0.05781951141716268
0.0891009567499017
-0.8289226487953292
0.06001668775115343
0.3386450099427567
-0.7010892690123391
-0.2285030175341849
-0.8631660713810996
0.6844406549902782
0.16447513546661874
0.8964192672614746
0.08368688289271575
0.6579724698170362
0.6196690057021501
0.3197875438389757
-0.37197300203430994
0.5300746814830364
0.2056123233700211
0.698006856400003
-0.4494175484798997
-0.6842423009063257
0.6736942383413087
0.004078428520214228
0.028915108880188223
0.7284549920275971
0.42771042976367113
-0.801493155205913
0.9797891634930787
-0.03249209456570834
-0.4531262126613358
-0.07194392334512179
-0.38034924917205504
-0.22843203432912595
0.47716221455545793
0.34226008216079085
-0.1605287049800863
-0.24932822114819375
0.38666952687967115
-0.5210803650999529
-0.07034037081470768
0.6523242248892138
0.6513295756454747
0.0936476983044543
-0.30729805487388107
0.9220010453061869
0.9705859089507036
0.29485137281845386
0.045641395892506154
0.6860633809888002
0.20828335851040558
-0.10563152692916744
-0.1585379635146802
0.1151512228827305
-0.7877399879202127
-0.004695922711174916
-0.17210457068721552
-0.981295779261913
0.586822088224102
0.01243970329525701
0.4141209333279632
0.47633412676974674
0.6754866380073337
-0.9430814681942898
0.2302841079997593
-0.6706474287499464
-0.1429190843602739
0.4157342750118229
0.34171072252453794
0.43583485551704837
0.6664896176270962
0.7178834797367162
0.4191466563756192
-0.2648198097314274
-0.7779556879164056
-0.6971337009866696
0.1683075226927322
-0.6267949551670919
-0.02524637576801192
0.2935500608231336
-0.1135246933320131
0.406386099312817
0.8902742662220942
-0.07576187766288478
0.14083098825667717
0.9339459409647461
-0.1672726277170824
0.7861141481719853
0.25266704882271984
-0.10094595043928867
-0.8598329444841912
0.8260606118304965
0.5235758352436999
-0.7445071435962072
0.16471168017142102
0.17117805348484905
-0.04583730216037929
-0.28628268559207326
0.8960507482535776
-0.8498401647046361
-0.4172129227126249
-0.13968593177933197
-0.30475542840473535
0.24400519168425583
-0.4887136136645518
-0.9125553077014745
0.6364358380283721
-0.8776177997215935
-0.8134081997554972
-0.5260637566872337
0.9872960148492893
-0.5917210210320829
-0.4284023262827821
0.5272588094556276
0.954732254432483
0.36241101209372983
0.46559962583079684
-0.47429041501916047
-0.019415510448167028
0.29017974916668354
0.4240689476365054
-0.9072994683976066
0.592743795828228
-0.8521938017800217
0.47948506521193734
0.5901241145634113
0.10032838244035225
-0.4394089928600333
0.17940029420657777
0.9353510362376976
0.26725437536108787
0.2650807120016767
-0.6651364893765737
-0.4735092555175864
-0.4932557025515474
-0.15175153864217794
-0.6882151744225422
-0.8968754948094024
-0.8899832464575446
-0.4193750395344469
-0.3002264853870691
-0.42520122005390415
0.5556051773898194
0.12664373554871156
-0.24256337355042068
-0.8828561020111947
-0.9585423431694229
-0.03570691789405722
-0.8399214794111332
0.1655629543196333
-0.9598299606608043
-0.5425045285947578
-0.734806302826468
-0.6709880836009232
0.8984109837170018
-0.30153783386970634
0.36309960648414275
-0.29852820067773966
-0.7152013766327461
-0.5263995178138765
0.19450887458041888
-0.433709559761406
0.6361917907530557
-0.9946219248938968
0.39379244992229845
-0.9313491426072951
-0.3394367217398546
-0.5161229119386461
0.45614076546361804
0.0740002020885484
0.42532369879681364
0.8255996032502353
-0.6712197295899465
0.13535207544575223
-0.40683018074134725
0.5834132483353907
0.7908575993506666
-0.7400466895432576
-0.036767901009297166
0.4803540511566624
0.4135565678911106
-0.004117097737120545
-0.3664988135349907
-0.3486674100292044
-0.9185342178336859
-0.748268254973909
-0.17878445456953407
-0.6493837974766796
0.8081682359934927
0.21758674166416947
0.6610949087954077
0.6192896809484079
0.8934768173846892
0.7731234351580389
-0.8529916452144468
0.2057234707497373
0.3466937484737713
0.8486881197916758
0.7908683958413645
0.8934080502178905
-0.06027605586204765
-0.6521709696133888
0.5432459206631577
0.31433981191373306
0.2558266544637551
-0.5551857962497162
-0.9465967735692691
-0.6875269074637587
0.6642414883271168
-0.661748385177952
-0.5578534770648111
0.9705805610512395
0.2778790363195154
-0.1279942829881442
-0.5808982441030579
0.52519215295406
-0.3592802783849427
0.8271820122637434
-0.20327917310399246
0.5681112203812158
-0.8564842531763983
0.14402985740418361
-0.7634716715656167
-0.8306652809912929
0.9808471365626144
0.8501920978542095
0.40882265875512536
0.8550319242660327
-0.16046721686069843
-0.9481929737058452
0.6552474181706684
-0.26443517833095087
-0.552146962904057
0.986548420347082
0.7143529824895909
0.502360952276008
-0.3830077913079539
-0.15723535466108784
0.1034713578627362
0.4987784091781522
-0.5294372749049523
-0.18354086803382708
-0.6540705424337931
0.6189292386658825
-0.8149740180009886
-0.29206999647513743
-0.6091696188210882
0.3997581375653283
0.7532779885765497
-0.7475337829957986
-0.7066652904476423
-0.6545015997342647
0.03562102911621845
0.3345752767578638
0.5065768477122985
0.259957999247185
-0.32320472343123563
0.25279576281846916
-0.01794488801969374
-0.8390850387489761
-0.6553014405258937
-0.7177738588161964
0.6835368386236416
0.21223015898328002
0.18587398303006664
-0.07552118428492571
-0.9097769226267116
-0.9668865988976261
0.39479970845114454
0.4398478526597993
0.7981211559718031
-0.26969291084171343
0.35846747822836544
0.5240551630475798
-0.5757249418703854
0.04777994426058729
0.9646899253111716
0.3220199900378129
0.6767085709032821
-0.8601493565006333
-0.6479705857592075
-0.6363274010771103
0.6736377932371111
-0.3525095818579338
0.6311951882318263
-0.5380866378481204
-0.6212866611422423
-0.0061187344912077
-0.07779245933992684
-0.8696056126307208
0.36475570186868844
0.11413396390967523
0.42858188390447194
0.6588810659322899
-0.973349830312201
0.1953996710750847
0.2092379594980398
0.626526988621013
0.8347712296744669
-0.5725646544810532
0.8107931801132384
0.33847604814851184
-0.7464914930630575
0.25001293494401167
0.9873517424483664
0.43878095608959566
-0.45482881706830014
-0.8676113005828994
0.36185439932583985
-0.2172916049994318
-0.16225118756403734
-0.46862123407465184
-0.9274928773789479
0.5440771441818903
0.5557114077108909
0.3484145018393061
0.19975978957011287
-0.5116459982939159
-0.4037662613583377
-0.05772130647731699
0.08375913920724432
-0.6401886121451099
-0.5210677915305906
-0.44694697178667164
-0.480846575853646
0.41112759298297674
0.10540606531413843
0.8541344426004984
0.2535795448555789
0.24638900430584032
0.7355771463530669
0.2730063051344096
0.218116104908763
0.3535325065342245
-0.6789735829326984
-0.2922211404742667
-0.5175606540430508
-0.030157111364901068
0.4312276265181194
-0.6846589603400215
-0.9456282393747175
0.2541999571149467
0.6667828321037017
-0.8417058982238659
0.33296668131075036
0.13234683700249983
0.6744658402483503
0.6716654949615224
0.27622481281779665
-0.3634703580547325
-0.3379148460350452
0.14672998927220782
0.15899221565441568
-0.9215630696585517
-0.343121543721459
0.7280923053448902
0.17354186648152692
0.9744449265898358
0.659356271905337
0.7815146184774677
0.06479488763974284
0.28475343171538037
0.3152137016047867
0.9137998569496559
-0.5059104293853882
-0.7669253938220741
0.7611331370163608
-0.5876303244122056
0.889860322848278
-0.25888428254356666
0.8960042708964497
0.4210049572957115
0.17054157382304358
-0.6578258020370695
0.48728959461105736
0.7795435184300792
0.9144642894932575
-0.669257349532532
-0.7570315485295329
0.129159166667973
-0.6965331479343857
0.8600984471707804
-0.7373059654984104
0.6211737034317475
0.48139402894101746
-0.2825689798645743
-0.8724976947258425
-0.633819007033269
-0.15438794931801225
-0.4138612081023485
0.2956140337893667
0.6215922806010743
-0.7708802060041129
0.7475045019406417
-0.5574252565057203
-0.360462917026249
-0.06720977792332516
0.37903706667513815
-0.08281964694864419
0.08338575639730705
0.13172881613386722
-0.12565449210964452
-0.41966105381390495
-0.03001579066970117
-0.693311503106099
-0.06051136087971187
0.9522234887218846
-0.7939774741101375
-0.9590651160047017
-0.3866772466099271
0.81377170922045
0.9607851712760371
-0.22509276603108086
0.814447287468804
0.19179426338511707
-0.6461399831876773
0.9254752029788551
-0.4650734012433675
0.002653768611275087
-0.7647894276422553
-0.8464568876150553
0.38104440246119564
0.5376818206902729
0.1963445108232722
0.5032077927528777
0.8039251250970858
0.44420338487609223
0.3751395484533142
0.6376286364154673
-0.9320651339163286
0.8892411175523784
0.10321566106227831
-0.5387787137585278
-0.22764710155088963
-0.8113240754324542
0.9935712156048895
